id,link_info(json格式[{"navids":"id;id";"directions":"dir;dir"},{"navids":"id;id";"directions":"dir;dir"}]),额外信息(json格式[{"id-name-alias-dir":"id;name;alias;dir";"url":"sogouurl"};{"id-name-alias-dir":"id;name;alias;dir";"url":"sogouurl"}])
154242,[{"navids":"69098739;69098740;69098738;69098732;69098728;57826498;57826471";"directions":"2;2;2;2;2;2;2"};{"navids":"57826474;57826511;57826512";"directions":"2;2;2"}],[{"id-name-alias-dir":"69098728;宁东高速公路;G15W3;2";"url":"http://map.sogou.com/#c=13319935;3018690;16&tip=匹配点距离563.2581005851422;1.331993547704668E7;3018690.167625291;事件点154242-G15W3|G15W3线沈海复线;1.3319355085156385E7;3018973.4480323433"};{"id-name-alias-dir":"57826511;宁东高速公路;G15W3;2";"url":"http://map.sogou.com/#c=13319138;3018261;16&tip=匹配点距离696.5704518467442;1.3319138599899119E7;3018261.511734048;事件点154242-G15W3|G15W3线沈海复线;1.3319355085156385E7;3018973.4480323433"}]
154243,[{"navids":"821189;821192;14666726";"directions":"2;2;2"};{"navids":"14666729;14666728;14666731;69981514;69981513";"directions":"3;3;2;3;3"}],[{"id-name-alias-dir":"821192;沈海高速公路;G15|G76|厦漳高速公路|厦蓉高速公路;2";"url":"http://map.sogou.com/#c=13133443;2806656;16&tip=匹配点距离236.1715347612114;1.3133443754050907E7;2806656.950773817;事件点154243-G15|沈海高速;1.3133086766378611E7;2806787.067921571"};{"id-name-alias-dir":"14666731;沈海高速公路;G15|G76|厦漳高速公路|厦蓉高速公路;2";"url":"http://map.sogou.com/#c=13133122;2806518;16&tip=匹配点距离265.0569921692108;1.3133122427849596E7;2806518.2438910464;事件点154243-G15|沈海高速;1.3133086766378611E7;2806787.067921571"}]
128352,[{"navids":"671252;669742;669741";"directions":"3;2;3"};{"navids":"669743;669744;671251";"directions":"2;2;2"}],[{"id-name-alias-dir":"669742;厦蓉高速公路;漳龙高速公路|G76;2";"url":"http://map.sogou.com/#c=13074483;2815762;16&tip=匹配点距离4.370104694841691;1.3074483416262457E7;2815762.1756182075;事件点128352-G76|厦蓉高速;1.3074494130894555E7;2815749.1660070578"};{"id-name-alias-dir":"669744;厦蓉高速公路;漳龙高速公路|G76;2";"url":"http://map.sogou.com/#c=13074469;2815755;16&tip=匹配点距离19.61188858463602;1.3074469642763209E7;2815755.668754923;事件点128352-G76|厦蓉高速;1.3074494130894555E7;2815749.1660070578"}]
154244,[{"navids":"14943366;14943375;14943376";"directions":"2;2;2"};{"navids":"14943371;14943372;14943337";"directions":"2;2;2"}],[{"id-name-alias-dir":"14943375;福诏高速公路;S35|天宝枢纽;2";"url":"http://map.sogou.com/#c=13089037;2811250;16&tip=匹配点距离49.92878074228205;1.3089037785752645E7;2811250.3110579285;事件点154244-S35|S35线沈海复线;1.308900331225525E7;2811158.8902100893"};{"id-name-alias-dir":"14943337;福诏高速公路;S35|天宝枢纽;2";"url":"http://map.sogou.com/#c=13088686;2810819;16&tip=匹配点距离407.0505834443018;1.3088686346292999E7;2810819.5276990402;事件点154244-S35|S35线沈海复线;1.308900331225525E7;2811158.8902100893"}]
154245,[{"navids":"14943366;14943375;14943376;14943374;14943327;14943328;14943324";"directions":"2;2;2;2;2;2;2"};{"navids":"14943325;14943329;14943371;14943372;14943337";"directions":"2;2;2;2;2"}],[{"id-name-alias-dir":"14943375;福诏高速公路;S35|天宝枢纽;2";"url":"http://map.sogou.com/#c=13089037;2811250;16&tip=匹配点距离16.617990415033788;1.3089037785752645E7;2811250.3110579285;事件点154245-S35|S35线沈海复线;1.3089003294617822E7;2811244.114683189"};{"id-name-alias-dir":"14943337;福诏高速公路;S35|天宝枢纽;2";"url":"http://map.sogou.com/#c=13088686;2810819;16&tip=匹配点距离472.2288585770774;1.3088686346292999E7;2810819.5276990402;事件点154245-S35|S35线沈海复线;1.3089003294617822E7;2811244.114683189"}]
132297,[{"navids":"669744;671251;671247";"directions":"2;2;2"};{"navids":"671249;669764;671252";"directions":"3;2;3"}],[{"id-name-alias-dir":"671251;厦蓉高速公路;漳龙高速公路|G76|南靖互通;2";"url":"http://map.sogou.com/#c=13074715;2815457;16&tip=匹配点距离17.84056899147685;1.3074715922414193E7;2815457.7858813317;事件点132297-G76|厦蓉高速;1.307482894244029E7;2815335.901177946"};{"id-name-alias-dir":"669764;厦蓉高速公路;漳龙高速公路|G76|南靖互通;2";"url":"http://map.sogou.com/#c=13074812;2815390;16&tip=匹配点距离32.107533729602594;1.307481245506494E7;2815390.168398481;事件点132297-G76|厦蓉高速;1.307482894244029E7;2815335.901177946"}]
154246,[{"navids":"2145030;2143508;14726741;14726742;12511924;2143558;2143527";"directions":"2;2;2;2;2;2;2"};{"navids":"2143525;2145013;2145025;2145027;2145026";"directions":"3;3;3;2;3"}],[{"id-name-alias-dir":"14726741;沈海高速公路;罗宁高速公路|G15;2";"url":"http://map.sogou.com/#c=13311599;3049251;16&tip=匹配点距离54.540364055422664;1.3311599745942647E7;3049251.4554985105;事件点154246-G15|沈海高速;1.3311003508925874E7;3049231.222790364"};{"id-name-alias-dir":"2145027;沈海高速公路;罗宁高速公路|G15;2";"url":"http://map.sogou.com/#c=13311152;3049208;16&tip=匹配点距离72.06749945591775;1.331115255726518E7;3049208.0218747593;事件点154246-G15|沈海高速;1.3311003508925874E7;3049231.222790364"}]
154247,[{"navids":"12512082;14726934;14726933;890010;891349;891361;891362;891372";"directions":"3;3;3;2;2;2;2;2"};{"navids":"891371;14726932;14726931;890011;891363;69098792;69098791";"directions":"3;3;3;2;3;3;3"}],[{"id-name-alias-dir":"890010;沈海高速公路;福宁高速公路|G15|同三高速公路|吴楼隧道;2";"url":"http://map.sogou.com/#c=13319019;3080372;16&tip=匹配点距离192.57623890425958;1.331901992639213E7;3080372.612399478;事件点154247-G15|沈海高速;1.331857285366186E7;3080579.366856231"};{"id-name-alias-dir":"890011;沈海高速公路;福宁高速公路|G15|同三高速公路|吴楼隧道;2";"url":"http://map.sogou.com/#c=13319019;3080321;16&tip=匹配点距离243.53691132599045;1.3319019383076053E7;3080321.075630176;事件点154247-G15|沈海高速;1.331857285366186E7;3080579.366856231"}]
154249,[{"navids":"12886127;12886126;12838287;12838105;12838101;12838097";"directions":"3;3;3;2;3;3"};{"navids":"12838099;12838103;14726603;14726604;12886128;12886129;12838290";"directions":"2;2;2;2;2;2;2"}],[{"id-name-alias-dir":"12838105;宁上高速公路;G1514;2";"url":"http://map.sogou.com/#c=13238805;3127417;16&tip=匹配点距离1.2954922959069044;1.32388052051215E7;3127417.56180407;事件点154249-G1514|宁上高速;1.3238742394318001E7;3127444.4066551873"};{"id-name-alias-dir":"14726603;宁上高速公路;G1514;2";"url":"http://map.sogou.com/#c=13238858;3127448;16&tip=匹配点距离46.32756226989753;1.3238858545549052E7;3127448.611157855;事件点154249-G1514|宁上高速;1.3238742394318001E7;3127444.4066551873"}]
153678,[{"navids":"1355012";"directions":"2"};{"navids":"14505397;14505398";"directions":"2;2"}],[{"id-name-alias-dir":"1355012;泉南高速公路;泉三高速公路|G72;2";"url":"http://map.sogou.com/#c=13177103;2878472;16&tip=匹配点距离23.91682104316961;1.3177103136746775E7;2878472.870259105;事件点153678-G72|泉南高速;1.3177043397772135E7;2878574.691311179"};{"id-name-alias-dir":"14505397;泉南高速公路;泉三高速公路|G72;2";"url":"http://map.sogou.com/#c=13177140;2878440;16&tip=匹配点距离52.97888007453666;1.3177140131063487E7;2878440.5703017106;事件点153678-G72|泉南高速;1.3177043397772135E7;2878574.691311179"}]
153679,[{"navids":"878452;878453;876947;876981;14726717";"directions":"2;2;2;2;2"};{"navids":"876980;876979;876948;878455;14726720";"directions":"3;3;2;3;3"}],[{"id-name-alias-dir":"876947;福州绕城高速公路;潘渡隧道|G1501;2";"url":"http://map.sogou.com/#c=13296093;3010048;16&tip=匹配点距离18.459505126383384;1.3296093475268511E7;3010048.9662954984;事件点153679-G1501|福州绕城高速;1.3296267748470962E7;3010144.0118631218"};{"id-name-alias-dir":"876948;福州绕城高速公路;潘渡隧道|G1501;2";"url":"http://map.sogou.com/#c=13296108;3010008;16&tip=匹配点距离61.463952694741664;1.3296108065500475E7;3010008.211102963;事件点153679-G1501|福州绕城高速;1.3296267748470962E7;3010144.0118631218"}]
132857,[{"navids":"85168466;85413510;85413509;85413505;85413501;85413499";"directions":"3;3;2;3;3;3"};{"navids":"85413497;85413503;85413507;85413511;85413512;85168474";"directions":"2;2;2;2;2;2"}],[{"id-name-alias-dir":"85413509;长深高速公路;G25;2";"url":"http://map.sogou.com/#c=13190093;3112410;16&tip=匹配点距离9.680253993210528;1.31900939314483E7;3112410.7514378713;事件点132857-G25|长深高速;1.3190517239682965E7;3112644.9469053634"};{"id-name-alias-dir":"85413511;长深高速公路;G25;2";"url":"http://map.sogou.com/#c=13189880;3112398;16&tip=匹配点距离27.84941763776396;1.3189880854172677E7;3112398.746745444;事件点132857-G25|长深高速;1.3190517239682965E7;3112644.9469053634"}]
132859,[{"navids":"85168466;85413510;85413509;85413505;85413501;85413499";"directions":"3;3;2;3;3;3"};{"navids":"85413497;85413503;85413507;85413511;85413512;85168474";"directions":"2;2;2;2;2;2"}],[{"id-name-alias-dir":"85413509;长深高速公路;G25;2";"url":"http://map.sogou.com/#c=13190093;3112410;16&tip=匹配点距离17.11215431839777;1.31900939314483E7;3112410.7514378713;事件点132859-G25|长深高速;1.3190517240376506E7;3112632.5158995953"};{"id-name-alias-dir":"85413511;长深高速公路;G25;2";"url":"http://map.sogou.com/#c=13189880;3112398;16&tip=匹配点距离35.28282082126746;1.3189880854172677E7;3112398.746745444;事件点132859-G25|长深高速;1.3190517240376506E7;3112632.5158995953"}]
126566,[{"navids":"57867766;57867767;57867765;57867760";"directions":"2;2;2;2"};{"navids":"57867759;57867762;57867763;57867753;57867749";"directions":"2;2;2;2;2"}],[{"id-name-alias-dir":"57867765;宁光高速公路;S10;2";"url":"http://map.sogou.com/#c=13117588;3078377;16&tip=匹配点距离14.553312519248683;1.3117588197954636E7;3078377.2242904636;事件点126566-S10|宁光高速;1.3117593049032692E7;3078295.0672383136"};{"id-name-alias-dir":"57867763;宁光高速公路;S10;2";"url":"http://map.sogou.com/#c=13118989;3077011;16&tip=匹配点距离47.88188820617068;1.3118989086126437E7;3077011.206898233;事件点126566-S10|宁光高速;1.3117593049032692E7;3078295.0672383136"}]
150674,[{"navids":"57477249;57477416;57477415;57477258";"directions":"3;3;2;3"};{"navids":"57477264;57477263;57477259;57477436;57477435;57477252";"directions":"3;3;2;3;3;3"}],[{"id-name-alias-dir":"57477415;京台高速公路;G3;2";"url":"http://map.sogou.com/#c=13203904;3056925;16&tip=匹配点距离10.284783021759264;1.3203904575368699E7;3056925.14571483;事件点150674-G3|京台高速;1.3203906792184906E7;3056935.668438388"};{"id-name-alias-dir":"57477259;京台高速公路;G3|碗厂隧道;2";"url":"http://map.sogou.com/#c=13202984;3056797;16&tip=匹配点距离50.681021861273926;1.320298424259655E7;3056797.3212249903;事件点150674-G3|京台高速;1.3203906792184906E7;3056935.668438388"}]
151244,[{"navids":"95252592;95252693;95252692";"directions":"3;2;3"};{"navids":"95252704;95252705;95252590";"directions":"2;2;2"}],[{"id-name-alias-dir":"95252693;福诏高速公路;S35;2";"url":"http://map.sogou.com/#c=13191917;2879361;16&tip=匹配点距离4.636732248289213;1.3191917035962801E7;2879361.6770911296;事件点151244-S35|S35线沈海复线;1.3192097377124341E7;2879379.470853543"};{"id-name-alias-dir":"95252705;福诏高速公路;S35;2";"url":"http://map.sogou.com/#c=13191905;2879385;16&tip=匹配点距离18.04238279880392;1.3191905235263182E7;2879385.831193784;事件点151244-S35|S35线沈海复线;1.3192097377124341E7;2879379.470853543"}]
151088,[{"navids":"14666785;14666787";"directions":"2;3"};{"navids":"669736;669738";"directions":"2;2"}],[{"id-name-alias-dir":"14666785;厦蓉高速公路;漳龙高速公路|G76;2";"url":"http://map.sogou.com/#c=13070399;2821424;16&tip=匹配点距离10.735922637613294;1.3070399930077448E7;2821424.216157269;事件点151088-G76|厦蓉高速;1.307282148528895E7;2817890.1011049757"};{"id-name-alias-dir":"669736;厦蓉高速公路;漳龙高速公路|G76;2";"url":"http://map.sogou.com/#c=13073670;2816981;16&tip=匹配点距离922.5286022433987;1.3073670128961112E7;2816981.032527793;事件点151088-G76|厦蓉高速;1.307282148528895E7;2817890.1011049757"}]
151087,[{"navids":"14666785;14666787";"directions":"2;3"}],[{"id-name-alias-dir":"14666785;厦蓉高速公路;漳龙高速公路|G76;2";"url":"http://map.sogou.com/#c=13070399;2821424;16&tip=匹配点距离40.58412384253144;1.3070399930077448E7;2821424.216157269;事件点151087-G76|厦蓉高速;1.3070146908464108E7;2822663.1809042217"}]
154251,[{"navids":"14943654;14943690;14943691";"directions":"2;2;2"};{"navids":"14943702;14943688;14943658";"directions":"3;2;3"}],[{"id-name-alias-dir":"14943690;莆永高速公路;S10;2";"url":"http://map.sogou.com/#c=13180699;2902484;16&tip=匹配点距离11.588644827530585;1.3180699724244235E7;2902484.0360924485;事件点154251-S12|莆永高速;1.3180046542776749E7;2901930.554543178"};{"id-name-alias-dir":"14943688;莆永高速公路;S10;2";"url":"http://map.sogou.com/#c=13180691;2902507;16&tip=匹配点距离15.40188420565547;1.3180691387922132E7;2902507.3795807473;事件点154251-S12|莆永高速;1.3180046542776749E7;2901930.554543178"}]
151086,[{"navids":"14666785;14666787";"directions":"2;3"}],[{"id-name-alias-dir":"14666785;厦蓉高速公路;漳龙高速公路|G76;2";"url":"http://map.sogou.com/#c=13070399;2821424;16&tip=匹配点距离27.906423027057638;1.3070399930077448E7;2821424.216157269;事件点151086-G76|厦蓉高速;1.3070592933173928E7;2822188.731363771"}]
154252,[{"navids":"12886128;12886129;12838290;12838115;12838119;12838293";"directions":"2;2;2;2;2;2"};{"navids":"12838414;12838117;12838113;12886127;12886126;12838287";"directions":"3;3;3;2;3;3"}],[{"id-name-alias-dir":"12838290;宁上高速公路;G1514|仙岩隧道;2";"url":"http://map.sogou.com/#c=13236393;3128526;16&tip=匹配点距离147.59685490174425;1.32363930255366E7;3128526.3607765087;事件点154252-G1514|宁上高速;1.3236072721261684E7;3128790.386075763"};{"id-name-alias-dir":"12886127;宁上高速公路;G1514|仙岩隧道;2";"url":"http://map.sogou.com/#c=13236383;3128489;16&tip=匹配点距离182.74726632806028;1.3236383609048523E7;3128489.627967193;事件点154252-G1514|宁上高速;1.3236072721261684E7;3128790.386075763"}]
132102,[{"navids":"95252668;95252520;95252516";"directions":"3;2;3"};{"navids":"95252518;95252522;95252670";"directions":"2;2;2"}],[{"id-name-alias-dir":"95252520;福诏高速公路;S35|广桥3号左幅1号桥;2";"url":"http://map.sogou.com/#c=13202809;2893132;16&tip=匹配点距离6.607609325163544;1.3202809535703268E7;2893132.9119602796;事件点132102-S35|S35线沈海复线;1.3202916524865039E7;2893033.2568986733"};{"id-name-alias-dir":"95252522;福诏高速公路;S35|广桥3号右幅1号桥;2";"url":"http://map.sogou.com/#c=13202794;2893117;16&tip=匹配点距离32.34689670519926;1.320279404859777E7;2893117.348678941;事件点132102-S35|S35线沈海复线;1.3202916524865039E7;2893033.2568986733"}]
154077,[{"navids":"49316118;49316122;49316126;49316130;49316129";"directions":"3;3;3;3;2"};{"navids":"12511921;12511922";"directions":"2;2"}],[{"id-name-alias-dir":"49316129;沈海高速公路;罗长高速公路|G15;2";"url":"http://map.sogou.com/#c=13300912;3029177;16&tip=匹配点距离29.22117466614785;1.3300912376599185E7;3029177.5156271625;事件点154077-G15|沈海高速;1.3301513219678901E7;3031549.800030007"};{"id-name-alias-dir":"12511921;沈海高速公路;罗长高速公路|G15;2";"url":"http://map.sogou.com/#c=13301207;3030926;16&tip=匹配点距离43.8928600442167;1.3301207528759236E7;3030926.8289771643;事件点154077-G15|沈海高速;1.3301513219678901E7;3031549.800030007"}]
153780,[{"navids":"95252569;95252663;95252662";"directions":"3;2;3"};{"navids":"95252664;95252665;95252572";"directions":"2;2;2"}],[{"id-name-alias-dir":"95252663;福诏高速公路;S35;2";"url":"http://map.sogou.com/#c=13194564;2882574;16&tip=匹配点距离15.658649075723645;1.3194564160114018E7;2882574.0099940677;事件点153780-S35|S35线沈海复线;1.3194554040999241E7;2882555.2771886038"};{"id-name-alias-dir":"95252665;福诏高速公路;S35;2";"url":"http://map.sogou.com/#c=13194572;2882608;16&tip=匹配点距离46.683926557049226;1.31945724651799E7;2882608.55324349;事件点153780-S35|S35线沈海复线;1.3194554040999241E7;2882555.2771886038"}]
153142,[{"navids":"14726825;14726826;14726824;12836345;12836205;12836346;12836347;12836199;12836350;14726827;14726828;12836355;12836173";"directions":"2;2;2;2;2;2;2;2;2;2;2;2;2"};{"navids":"12836175;12836357;12836356;12836352;12836201;12836200;12836203;12836349;12836348;12836342;12836278";"directions":"3;3;3;3;2;3;3;3;3;3;3"}],[{"id-name-alias-dir":"12836199;宁上高速公路;G1514|界溪2号隧道;2";"url":"http://map.sogou.com/#c=13201655;3153196;16&tip=匹配点距离7.9783862306299795;1.3201655317448908E7;3153196.696426091;事件点153142-G1514|宁上高速;1.3201450943184106E7;3153406.626541171"};{"id-name-alias-dir":"12836201;宁上高速公路;G1514|界溪2号隧道;2";"url":"http://map.sogou.com/#c=13201672;3153217;16&tip=匹配点距离27.609623475952837;1.3201672044597052E7;3153217.4841410303;事件点153142-G1514|宁上高速;1.3201450943184106E7;3153406.626541171"}]
154235,[{"navids":"49316128;49316124;49316120;1997147";"directions":"2;2;2;2"};{"navids":"14726728;14726727;1997166;49316118;49316122;49316126";"directions":"3;3;3;2;3;3"}],[{"id-name-alias-dir":"49316120;沈海高速公路;罗长高速公路|G15;2";"url":"http://map.sogou.com/#c=13300964;3024724;16&tip=匹配点距离4.583626412608;1.3300964275990274E7;3024724.847961392;事件点154235-G15|沈海高速;1.3301290237728037E7;3024241.9828245766"};{"id-name-alias-dir":"49316118;沈海高速公路;罗长高速公路|G15;2";"url":"http://map.sogou.com/#c=13300977;3024731;16&tip=匹配点距离19.190685143582883;1.3300977924675902E7;3024731.550250792;事件点154235-G15|沈海高速;1.3301290237728037E7;3024241.9828245766"}]
133398,[{"navids":"87823440;87823436;87823433;87823432";"directions":"3;2;3;3"};{"navids":"87823431;87823434;87823438;87823442";"directions":"2;2;2;2"}],[{"id-name-alias-dir":"87823436;福诏高速公路;S35;2";"url":"http://map.sogou.com/#c=13263480;2969729;16&tip=匹配点距离1.5213097947973204;1.3263480200644888E7;2969729.3477224745;事件点133398-S35|S35线沈海复线;1.3264095394922355E7;2969861.7372221677"};{"id-name-alias-dir":"87823438;福诏高速公路;S35;2";"url":"http://map.sogou.com/#c=13263499;2969700;16&tip=匹配点距离30.505021493721777;1.3263499982821688E7;2969700.6113292454;事件点133398-S35|S35线沈海复线;1.3264095394922355E7;2969861.7372221677"}]
154237,[{"navids":"14726947;14726948;85404136;85404139;85404143";"directions":"2;2;2;2;2"};{"navids":"85404141;85404137;85404133;85404129";"directions":"3;2;3;3"}],[{"id-name-alias-dir":"85404136;长深高速公路;G25;2";"url":"http://map.sogou.com/#c=13213476;3146803;16&tip=匹配点距离6.809550547510916;1.3213476235738197E7;3146803.9624280967;事件点154237-G25|长深高速;1.3213458197339395E7;3146820.3044706373"};{"id-name-alias-dir":"85404137;长深高速公路;G25;2";"url":"http://map.sogou.com/#c=13213406;3146816;16&tip=匹配点距离24.149946721891112;1.32134065253262E7;3146816.671923185;事件点154237-G25|长深高速;1.3213458197339395E7;3146820.3044706373"}]
153940,[{"navids":"14943129;14943121;14943118;14943119;14943101";"directions":"2;2;2;2;2"};{"navids":"14943102;14943110;14943111;14943122";"directions":"2;2;2;2"}],[{"id-name-alias-dir":"14943119;福诏高速公路;S35;2";"url":"http://map.sogou.com/#c=13072854;2792350;16&tip=匹配点距离22.52368315779304;1.307285451918226E7;2792350.0796246487;事件点153940-S35|褔诏高速;1.3072599759711115E7;2792010.377843187"};{"id-name-alias-dir":"14943110;福诏高速公路;S35;2";"url":"http://map.sogou.com/#c=13072861;2792319;16&tip=匹配点距离49.19658254569098;1.3072861817729907E7;2792319.7613249035;事件点153940-S35|褔诏高速;1.3072599759711115E7;2792010.377843187"}]
154238,[{"navids":"744456;744470;744471;744469;745845;745846;744466;745847";"directions":"2;2;2;2;2;2;2;2"};{"navids":"744464;744465;744467;49383512;49383511;745844;745843;744455";"directions":"3;3;2;3;3;3;3;3"}],[{"id-name-alias-dir":"745846;莆永高速公路;S10;2";"url":"http://map.sogou.com/#c=13007530;2840129;16&tip=匹配点距离13.049440704458936;1.3007530445825703E7;2840129.516408567;事件点154238-S12|莆永高速;1.3007537132517328E7;2840124.1208749106"};{"id-name-alias-dir":"744467;莆永高速公路;S10;2";"url":"http://map.sogou.com/#c=13007492;2840127;16&tip=匹配点距离46.84224089762176;1.3007492512507034E7;2840127.32710298;事件点154238-S12|莆永高速;1.3007537132517328E7;2840124.1208749106"}]
154239,[{"navids":"49383509;49383510;744462;744461;744459";"directions":"2;2;2;2;2"};{"navids":"744458;744460;744463";"directions":"3;2;3"}],[{"id-name-alias-dir":"744461;莆永高速公路;白土岩隧道|S10;2";"url":"http://map.sogou.com/#c=13006861;2842987;16&tip=匹配点距离177.23723445771603;1.3006861661509488E7;2842987.541886188;事件点154239-S12|莆永高速;1.300709112356366E7;2842148.4649118865"};{"id-name-alias-dir":"744460;莆永高速公路;白土岩隧道|S10;2";"url":"http://map.sogou.com/#c=13006816;2842970;16&tip=匹配点距离231.32877719324443;1.3006816685503976E7;2842970.603433207;事件点154239-S12|莆永高速;1.300709112356366E7;2842148.4649118865"}]
153943,[{"navids":"658822;49430119;49430123";"directions":"2;2;2"};{"navids":"49430125;49430121;649491";"directions":"3;2;3"}],[{"id-name-alias-dir":"49430119;沈海高速公路;漳诏高速公路|G15;2";"url":"http://map.sogou.com/#c=13110878;2793028;16&tip=匹配点距离26.607752410374662;1.3110878323110204E7;2793028.2794188587;事件点153943-G15|沈海高速;1.3110807645773018E7;2792627.714343286"};{"id-name-alias-dir":"49430121;沈海高速公路;漳诏高速公路|G15;2";"url":"http://map.sogou.com/#c=13110933;2793265;16&tip=匹配点距离46.33079467468347;1.3110933456971038E7;2793265.6569138123;事件点153943-G15|沈海高速;1.3110807645773018E7;2792627.714343286"}]
153944,[{"navids":"654057;40221752;40221751";"directions":"3;2;3"};{"navids":"49430123;49430124;654055";"directions":"2;2;2"}],[{"id-name-alias-dir":"40221752;沈海高速公路;漳诏高速公路|G15;2";"url":"http://map.sogou.com/#c=13111239;2791595;16&tip=匹配点距离5.987314082342066;1.311123945297231E7;2791595.6824377747;事件点153944-G15|沈海高速;1.3111030641839145E7;2791885.9676981275"};{"id-name-alias-dir":"49430124;沈海高速公路;漳诏高速公路|G15;2";"url":"http://map.sogou.com/#c=13111205;2791624;16&tip=匹配点距离25.661674109386187;1.311120580414552E7;2791624.3926614053;事件点153944-G15|沈海高速;1.3111030641839145E7;2791885.9676981275"}]
150445,[{"navids":"912758;912759;912764";"directions":"2;2;2"};{"navids":"912813;912814;912798";"directions":"2;2;2"}],[{"id-name-alias-dir":"912759;沈海高速公路;福宁高速公路|G15|同三高速公路;2";"url":"http://map.sogou.com/#c=13335361;3084397;16&tip=匹配点距离264.91462666824776;1.3335361964554915E7;3084397.7364582745;事件点150445-G15|沈海高速;1.3335491979124567E7;3084635.074137426"};{"id-name-alias-dir":"912814;沈海高速公路;福宁高速公路|G15|同三高速公路;2";"url":"http://map.sogou.com/#c=13335430;3084360;16&tip=匹配点距离278.25882468893474;1.3335430028770482E7;3084360.58900833;事件点150445-G15|沈海高速;1.3335491979124567E7;3084635.074137426"}]
154081,[{"navids":"49383484;49383485;49383481";"directions":"2;2;2"};{"navids":"49383479;49383483;49383482";"directions":"2;3;3"}],[{"id-name-alias-dir":"49383481;长深高速公路;G25;2";"url":"http://map.sogou.com/#c=12995004;2937173;16&tip=匹配点距离23.367588064189867;1.2995004851786517E7;2937173.824931489;事件点154081-G25|长深高速;1.2994386248778304E7;2936543.880144421"};{"id-name-alias-dir":"49383479;长深高速公路;G25;2";"url":"http://map.sogou.com/#c=12994988;2937191;16&tip=匹配点距离49.24387312153795;1.2994988280438341E7;2937191.8152695713;事件点154081-G25|长深高速;1.2994386248778304E7;2936543.880144421"}]
151012,[{"navids":"95314235;19767309;19767308;85238874;85238878;14666823";"directions":"3;3;2;3;3;3"};{"navids":"14666830;85238876;85238872;19767199;19767200;19767310";"directions":"2;2;2;2;2;2"}],[{"id-name-alias-dir":"19767308;厦沙高速公路;S30;2";"url":"http://map.sogou.com/#c=13143511;2834344;16&tip=匹配点距离13.155306037246596;1.3143511603808466E7;2834344.5978821553;事件点151012-S30|厦沙高速厦门段;1.3143525352540819E7;2834318.374827554"};{"id-name-alias-dir":"19767199;厦沙高速公路;S30;2";"url":"http://map.sogou.com/#c=13143484;2834347;16&tip=匹配点距离39.83532875886341;1.314348489088468E7;2834347.068660695;事件点151012-S30|厦沙高速厦门段;1.3143525352540819E7;2834318.374827554"}]
129947,[{"navids":"820620;825355;825356;12512061;12512062;820622;820624;820626";"directions":"2;2;2;2;2;2;2;2"};{"navids":"825297;820627;820625;820623;825358";"directions":"3;3;3;2;3"}],[{"id-name-alias-dir":"12512062;长深高速公路;浦南高速公路|G25;2";"url":"http://map.sogou.com/#c=13172399;3106145;16&tip=匹配点距离68.70263285040565;1.3172399441145845E7;3106145.896028252;事件点129947-G25|长深高速;1.317247021683709E7;3106124.2929922245"};{"id-name-alias-dir":"820623;长深高速公路;浦南高速公路|G25|大水坑2号桥;2";"url":"http://map.sogou.com/#c=13172393;3106595;16&tip=匹配点距离353.2682655795591;1.3172393844609415E7;3106595.996518295;事件点129947-G25|长深高速;1.317247021683709E7;3106124.2929922245"}]
154240,[{"navids":"14726586;14726585;85413114;85413113;85413252;85413251;85413256;14726588";"directions":"3;3;3;3;2;3;3;3"};{"navids":"14726590;85413366;85413249;85413250";"directions":"2;2;2;2"}],[{"id-name-alias-dir":"85413252;长深高速公路;G25|大垄隧道;2";"url":"http://map.sogou.com/#c=13209954;3129848;16&tip=匹配点距离23.411891266313962;1.320995432051696E7;3129848.5593256396;事件点154240-G25|长深高速;1.3210126207253551E7;3130162.000241459"};{"id-name-alias-dir":"85413249;长深高速公路;G25;2";"url":"http://map.sogou.com/#c=13210098;3130206;16&tip=匹配点距离43.10852275342371;1.321009897798525E7;3130206.23420437;事件点154240-G25|长深高速;1.3210126207253551E7;3130162.000241459"}]
133281,[{"navids":"669733;14947565;14947564";"directions":"3;2;3"}],[{"id-name-alias-dir":"14947565;厦蓉高速公路;漳龙高速公路|G76;2";"url":"http://map.sogou.com/#c=13077165;2814693;16&tip=匹配点距离7.45593137897235;1.3077165686103767E7;2814693.8281153794;事件点133281-G76|厦蓉高速;1.3076949107359242E7;2814793.0895655714"}]
154241,[{"navids":"69098739;69098740;69098738;69098732;69098728;57826498;57826471";"directions":"2;2;2;2;2;2;2"};{"navids":"57826474;57826511;57826512;69098729";"directions":"2;2;2;2"}],[{"id-name-alias-dir":"69098728;宁东高速公路;G15W3;2";"url":"http://map.sogou.com/#c=13319935;3018690;16&tip=匹配点距离579.4359354636623;1.331993547704668E7;3018690.167625291;事件点154241-G15W3|G15W3线沈海复线;1.3319577583660353E7;3019059.679994932"};{"id-name-alias-dir":"57826512;宁东高速公路;G15W3;2";"url":"http://map.sogou.com/#c=13319713;3018493;16&tip=匹配点距离600.3074383207114;1.331971358525663E7;3018493.856247664;事件点154241-G15W3|G15W3线沈海复线;1.3319577583660353E7;3019059.679994932"}]
133282,[{"navids":"669733;14947565;14947564";"directions":"3;2;3"};{"navids":"671248;669760;669761";"directions":"2;2;2"}],[{"id-name-alias-dir":"14947565;厦蓉高速公路;漳龙高速公路|G76;2";"url":"http://map.sogou.com/#c=13077165;2814693;16&tip=匹配点距离40.21971811658052;1.3077165686103767E7;2814693.8281153794;事件点133282-G76|厦蓉高速;1.3076614340913909E7;2814926.232585664"};{"id-name-alias-dir":"669760;厦蓉高速公路;漳龙高速公路|G76;2";"url":"http://map.sogou.com/#c=13075487;2815117;16&tip=匹配点距离743.8611071476568;1.307548798140415E7;2815117.9759267652;事件点133282-G76|厦蓉高速;1.3076614340913909E7;2814926.232585664"}]
154265,[{"navids":"859951;859954;837382";"directions":"2;2;2"};{"navids":"837384;14726744;14726743;859995;859953;859950";"directions":"3;3;3;3;2;3"}],[{"id-name-alias-dir":"859954;沈海高速公路;罗长高速公路|琯头岭隧道|G15;2";"url":"http://map.sogou.com/#c=13308900;3000019;16&tip=匹配点距离16.647065103171826;1.330890008393822E7;3000019.429594577;事件点154265-G15|沈海高速;1.3308887617118383E7;3000066.9279260687"};{"id-name-alias-dir":"859953;沈海高速公路;罗长高速公路|琯头岭隧道|G15;2";"url":"http://map.sogou.com/#c=13308955;3000015;16&tip=匹配点距离69.65281043514692;1.3308955076763006E7;3000015.773995672;事件点154265-G15|沈海高速;1.3308887617118383E7;3000066.9279260687"}]
154023,[{"navids":"12511821;848639;848638";"directions":"3;3;2"}],[{"id-name-alias-dir":"848638;长深高速公路;G25;2";"url":"http://map.sogou.com/#c=12992338;2930673;16&tip=匹配点距离71.58604967951172;1.2992338170298122E7;2930673.528502695;事件点154023-G25|长深高速;1.299238543682936E7;2930833.9669351545"}]
133722,[{"navids":"669739;669737;669735";"directions":"3;2;3"};{"navids":"669736;669738;669740";"directions":"2;2;2"}],[{"id-name-alias-dir":"669737;厦蓉高速公路;漳龙高速公路|永丰溪2号大桥|G76;2";"url":"http://map.sogou.com/#c=13073956;2816641;16&tip=匹配点距离82.5318628815597;1.3073956144952688E7;2816641.8642259454;事件点133722-G76|厦蓉高速;1.30740478020413E7;2816649.4839482303"};{"id-name-alias-dir":"669738;厦蓉高速公路;漳龙高速公路|永丰溪2号大桥|G76;2";"url":"http://map.sogou.com/#c=13073942;2816635;16&tip=匹配点距离97.4704788508092;1.3073942554391839E7;2816635.359230957;事件点133722-G76|厦蓉高速;1.30740478020413E7;2816649.4839482303"}]
153057,[{"navids":"870624;870604;870633;870635";"directions":"2;2;2;2"};{"navids":"14809788;870645;870630;870627";"directions":"3;3;2;3"}],[{"id-name-alias-dir":"870604;浦建高速公路;S0311;2";"url":"http://map.sogou.com/#c=13058041;3120653;16&tip=匹配点距离16.51979806701753;1.3058041223808361E7;3120653.635197532;事件点153057-S0311|浦建高速;1.3058012061850628E7;3120614.6406166353"};{"id-name-alias-dir":"870630;浦建高速公路;S0311;2";"url":"http://map.sogou.com/#c=13058045;3120674;16&tip=匹配点距离31.198139971330683;1.3058045463643195E7;3120674.4313242934;事件点153057-S0311|浦建高速;1.3058012061850628E7;3120614.6406166353"}]
154301,[{"navids":"14943219;14943215";"directions":"2;2"};{"navids":"14943224;14943225";"directions":"2;2"}],[{"id-name-alias-dir":"14943215;福诏高速公路;S35;2";"url":"http://map.sogou.com/#c=13079095;2801052;16&tip=匹配点距离46.04318049190543;1.3079095514961053E7;2801052.51066643;事件点154301-S35|福诏高速;1.3079071543224543E7;2800750.1656894838"};{"id-name-alias-dir":"14943224;福诏高速公路;S35;2";"url":"http://map.sogou.com/#c=13079088;2801093;16&tip=匹配点距离72.61032877596276;1.3079088127694162E7;2801093.863054706;事件点154301-S35|福诏高速;1.3079071543224543E7;2800750.1656894838"}]
154268,[{"navids":"736299;736298;14666781";"directions":"3;2;3"};{"navids":"734746;733233;731638";"directions":"2;2;2"}],[{"id-name-alias-dir":"736298;厦蓉高速公路;漳龙高速公路|G76;2";"url":"http://map.sogou.com/#c=13083237;2813009;16&tip=匹配点距离0.052052839929783545;1.3083237105815077E7;2813009.213883313;事件点154268-G76|厦蓉高速;1.3080410708590303E7;2813829.5433583558"};{"id-name-alias-dir":"733233;厦蓉高速公路;漳龙高速公路|G76;2";"url":"http://map.sogou.com/#c=13083260;2812984;16&tip=匹配点距离26.978577135384132;1.3083260659918558E7;2812984.760203722;事件点154268-G76|厦蓉高速;1.3080410708590303E7;2813829.5433583558"}]
152081,[{"navids":"14943221;14943209;14943205;14943199;14943195";"directions":"2;2;2;2;2"};{"navids":"14943196;14943200;14943202;14943206;14943210";"directions":"2;2;2;2;2"}],[{"id-name-alias-dir":"14943205;福诏高速公路;S35;2";"url":"http://map.sogou.com/#c=13075942;2798538;16&tip=匹配点距离7.012724224418911;1.3075942140336137E7;2798538.0495193345;事件点152081-S35|S35线沈海复线;1.3075611017220717E7;2798257.6847547744"};{"id-name-alias-dir":"14943202;福诏高速公路;S35;2";"url":"http://map.sogou.com/#c=13075949;2798524;16&tip=匹配点距离14.150550861595804;1.3075949541069115E7;2798524.8269717135;事件点152081-S35|S35线沈海复线;1.3075611017220717E7;2798257.6847547744"}]
111212,[{"navids":"14018054;14018050;14018075;14018076;14018042;14018037;14018038;14018322";"directions":"2;2;2;2;2;2;2;2"};{"navids":"14018324;14018034;14018044;14018066;14018068;14018067;14018052;14018056";"directions":"3;2;3;3;3;3;3;3"}],[{"id-name-alias-dir":"14018037;浦建高速公路;S0311;2";"url":"http://map.sogou.com/#c=13020057;3090535;16&tip=匹配点距离41.82485739158585;1.3020057874874E7;3090535.5530324746;事件点111212-S0311|浦建高速;1.302009116520225E7;3090504.4265496363"};{"id-name-alias-dir":"14018034;浦建高速公路;S0311;2";"url":"http://map.sogou.com/#c=13020020;3090484;16&tip=匹配点距离54.66035564127012;1.30200207048916E7;3090484.76402213;事件点111212-S0311|浦建高速;1.302009116520225E7;3090504.4265496363"}]
154302,[{"navids":"19768261;19768270;19768271;19768252;19768253";"directions":"2;2;2;2;2"};{"navids":"19768255;19768254;19768273;19768275;19768274;19768263";"directions":"3;3;2;3;3;3"}],[{"id-name-alias-dir":"19768271;安溪连接线;S7221;2";"url":"http://map.sogou.com/#c=13171940;2861670;16&tip=匹配点距离11.99824685663816;1.317194065826194E7;2861670.862804471;事件点154302-S7221;1.3171598070013864E7;2861716.190705242"};{"id-name-alias-dir":"19768273;安溪连接线;S7221;2";"url":"http://map.sogou.com/#c=13171882;2861658;16&tip=匹配点距离16.325309240911754;1.3171882313096257E7;2861658.3546070214;事件点154302-S7221;1.3171598070013864E7;2861716.190705242"}]
154269,[{"navids":"669733;14947565;14947564";"directions":"3;2;3"};{"navids":"669761;669759;14666782";"directions":"2;2;2"}],[{"id-name-alias-dir":"14947565;厦蓉高速公路;漳龙高速公路|G76;2";"url":"http://map.sogou.com/#c=13077165;2814693;16&tip=匹配点距离16.395160590464894;1.3077165686103767E7;2814693.8281153794;事件点154269-G76|厦蓉高速;1.3078512383770695E7;2814274.2178618168"};{"id-name-alias-dir":"669759;厦蓉高速公路;漳龙高速公路|G76;2";"url":"http://map.sogou.com/#c=13078794;2814125;16&tip=匹配点距离308.7971915641482;1.30787943619917E7;2814125.297392435;事件点154269-G76|厦蓉高速;1.3078512383770695E7;2814274.2178618168"}]
154304,[{"navids":"12838412;12838413;12838131;12838132";"directions":"2;2;2;2"};{"navids":"12838130;12838129;12838292;12838415;12838414";"directions":"3;3;2;3;3"}],[{"id-name-alias-dir":"12838413;宁上高速公路;G1514|山岗隧道;2";"url":"http://map.sogou.com/#c=13235270;3131947;16&tip=匹配点距离3.50162547068303;1.3235270880720817E7;3131947.3766669924;事件点154304-G1514|宁上高速;1.3234736192039063E7;3133644.5911607533"};{"id-name-alias-dir":"12838292;宁上高速公路;G1514|山岗隧道;2";"url":"http://map.sogou.com/#c=13235187;3131946;16&tip=匹配点距离55.70551847469205;1.3235187351016143E7;3131946.3773004524;事件点154304-G1514|宁上高速;1.3234736192039063E7;3133644.5911607533"}]
111211,[{"navids":"14018322;14018323;14018039;14018040";"directions":"2;2;2;2"};{"navids":"14018032;14018031;14018325;14018324";"directions":"3;3;2;3"}],[{"id-name-alias-dir":"14018323;浦建高速公路;旗山隧道|S0311;2";"url":"http://map.sogou.com/#c=13016112;3088484;16&tip=匹配点距离4.693405286667895;1.3016112682713103E7;3088484.935173547;事件点111211-S0311|浦建高速;1.3015537236495756E7;3088178.9102369673"};{"id-name-alias-dir":"14018325;浦建高速公路;旗山隧道|S0311;2";"url":"http://map.sogou.com/#c=13016114;3088419;16&tip=匹配点距离55.00904725907013;1.3016114012104306E7;3088419.701044263;事件点111211-S0311|浦建高速;1.3015537236495756E7;3088178.9102369673"}]
153734,[{"navids":"14943504;14943506;14943507;14943510;14943514;14943516;14943554";"directions":"2;2;2;2;2;2;2"};{"navids":"14943586;14943520;14943518;14943512;14943508;14943500";"directions":"3;3;3;2;3;3"}],[{"id-name-alias-dir":"14943514;莆永高速公路;S10|马岭山隧道;2";"url":"http://map.sogou.com/#c=13169432;2893510;16&tip=匹配点距离7.76971817264433;1.3169432938452834E7;2893510.0503446297;事件点153734-S12|莆永高速;1.3171262301906427E7;2893907.660443926"};{"id-name-alias-dir":"14943512;莆永高速公路;S10|马岭山隧道;2";"url":"http://map.sogou.com/#c=13169429;2893554;16&tip=匹配点距离28.105127289510754;1.316942950204139E7;2893554.4919381617;事件点153734-S12|莆永高速;1.3171262301906427E7;2893907.660443926"}]
133724,[{"navids":"14666785;14666787";"directions":"2;3"}],[{"id-name-alias-dir":"14666785;厦蓉高速公路;漳龙高速公路|G76;2";"url":"http://map.sogou.com/#c=13070399;2821424;16&tip=匹配点距离20.749622928990632;1.3070399930077448E7;2821424.216157269;事件点133724-G76|厦蓉高速;1.3070035616059735E7;2822809.4175842013"}]
152913,[{"navids":"846293;846295;846283;846285;14809798;14809799";"directions":"2;2;2;2;2;2"};{"navids":"846365;846362;846298";"directions":"3;2;3"}],[{"id-name-alias-dir":"14809798;浦建高速公路;S0311;2";"url":"http://map.sogou.com/#c=13133251;3168260;16&tip=匹配点距离0.09164017109188803;1.3133251836439004E7;3168260.901001793;事件点152913-S0311|浦建高速;1.313372828242433E7;3169014.0947019667"};{"id-name-alias-dir":"846362;浦建高速公路;S0311;2";"url":"http://map.sogou.com/#c=13133833;3169081;16&tip=匹配点距离17.669331007575966;1.3133833027669799E7;3169081.6443221667;事件点152913-S0311|浦建高速;1.313372828242433E7;3169014.0947019667"}]
130619,[{"navids":"14666785;14666787";"directions":"2;3"}],[{"id-name-alias-dir":"14666785;厦蓉高速公路;漳龙高速公路|G76;2";"url":"http://map.sogou.com/#c=13070399;2821424;16&tip=匹配点距离18.6440938875552;1.3070399930077448E7;2821424.216157269;事件点130619-G76|厦蓉高速;1.3067809805137228E7;2824552.259490924"}]
151542,[{"navids":"14666785;14666787";"directions":"2;3"}],[{"id-name-alias-dir":"14666785;厦蓉高速公路;漳龙高速公路|G76;2";"url":"http://map.sogou.com/#c=13070399;2821424;16&tip=匹配点距离1.0263357510710247;1.3070399930077448E7;2821424.216157269;事件点151542-G76|厦蓉高速;1.3071706828140033E7;2819326.1448419737"}]
151541,[{"navids":"14666785;14666787";"directions":"2;3"}],[{"id-name-alias-dir":"14666785;厦蓉高速公路;漳龙高速公路|G76;2";"url":"http://map.sogou.com/#c=13070399;2821424;16&tip=匹配点距离1.0263357510710247;1.3070399930077448E7;2821424.216157269;事件点151541-G76|厦蓉高速;1.3071706828140033E7;2819326.1448419737"}]
154270,[{"navids":"669733;14947565;14947564";"directions":"3;2;3"};{"navids":"669761;669759;14666782";"directions":"2;2;2"}],[{"id-name-alias-dir":"14947565;厦蓉高速公路;漳龙高速公路|G76;2";"url":"http://map.sogou.com/#c=13077165;2814693;16&tip=匹配点距离17.391465683246302;1.3077165686103767E7;2814693.8281153794;事件点154270-G76|厦蓉高速;1.3078177383379264E7;2814394.961686937"};{"id-name-alias-dir":"669759;厦蓉高速公路;漳龙高速公路|G76;2";"url":"http://map.sogou.com/#c=13078794;2814125;16&tip=匹配点距离663.1806992103016;1.30787943619917E7;2814125.297392435;事件点154270-G76|厦蓉高速;1.3078177383379264E7;2814394.961686937"}]
154273,[{"navids":"49320873;49320872;724894;724893;720260;724913;14726399";"directions":"3;3;2;3;3;2;2"};{"navids":"718726;720261;724915;724916;724903;49320874;49320875";"directions":"3;2;2;2;2;2;2"}],[{"id-name-alias-dir":"724894;沈海高速公路;福泉高速公路|过坑高架桥|G15;2";"url":"http://map.sogou.com/#c=13209091;2851400;16&tip=匹配点距离11.698916028650878;1.320909137232359E7;2851400.9430096783;事件点154273-G15|沈海高速;1.3209034506217856E7;2850811.0465788376"};{"id-name-alias-dir":"724916;沈海高速公路;福泉高速公路|过坑高架桥|G15;2";"url":"http://map.sogou.com/#c=13209132;2851397;16&tip=匹配点距离33.69565488718515;1.3209132915413544E7;2851397.873964856;事件点154273-G15|沈海高速;1.3209034506217856E7;2850811.0465788376"}]
154274,[{"navids":"797105;798624;798621;798614";"directions":"3;3;3;2"};{"navids":"798627;798630;798616;797102";"directions":"2;2;2;2"}],[{"id-name-alias-dir":"798614;厦蓉高速公路;龙长高速公路|G76;2";"url":"http://map.sogou.com/#c=12956107;2940870;16&tip=匹配点距离23.03912907107603;1.2956107573975706E7;2940870.2343750405;事件点154274-G76|厦蓉高速;1.2955518119101092E7;2941596.7552336566"};{"id-name-alias-dir":"798627;厦蓉高速公路;龙长高速公路|G76;2";"url":"http://map.sogou.com/#c=12956110;2940894;16&tip=匹配点距离44.69049004221121;1.2956110273199243E7;2940894.521813544;事件点154274-G76|厦蓉高速;1.2955518119101092E7;2941596.7552336566"}]
154253,[{"navids":"87823454;87823458;87823462;87823466";"directions":"2;2;2;2"};{"navids":"87823464;87823460;87823456;87823452";"directions":"3;3;2;3"}],[{"id-name-alias-dir":"87823458;福诏高速公路;S35|双龙2号大桥;2";"url":"http://map.sogou.com/#c=13266311;2969494;16&tip=匹配点距离3.542781255856833;1.3266311088206252E7;2969494.1357680713;事件点154253-S35|S35线沈海复线;1.3266213641937569E7;2969495.3248746744"};{"id-name-alias-dir":"87823456;福诏高速公路;S35|双龙2号大桥;2";"url":"http://map.sogou.com/#c=13266311;2969526;16&tip=匹配点距离28.53756035618519;1.3266311087027324E7;2969526.278272773;事件点154253-S35|S35线沈海复线;1.3266213641937569E7;2969495.3248746744"}]
154011,[{"navids":"95002177;95002178;95002154";"directions":"2;2;2"};{"navids":"95002156;95002180";"directions":"2;3"}],[{"id-name-alias-dir":"95002178;厦蓉高速公路;G76;2";"url":"http://map.sogou.com/#c=13123044;2805399;16&tip=匹配点距离55.71864892152784;1.3123044492257526E7;2805399.3357414166;事件点154011-G76|厦蓉高速;1.3122742111716352E7;2805850.1979541634"};{"id-name-alias-dir":"95002156;厦蓉高速公路;G76|天成山隧道;2";"url":"http://map.sogou.com/#c=13122177;2806473;16&tip=匹配点距离142.64157013196757;1.312217754290526E7;2806473.4013410984;事件点154011-G76|厦蓉高速;1.3122742111716352E7;2805850.1979541634"}]
154255,[{"navids":"1453163;1464022;1464021;1464020;87678734;87678812";"directions":"3;2;3;3;3;3"};{"navids":"13302516;1453162;1453164";"directions":"2;2;2"}],[{"id-name-alias-dir":"1464022;福银高速公路;G70|三福高速公路;2";"url":"http://map.sogou.com/#c=13282442;2974387;16&tip=匹配点距离63.723015582795945;1.3282442263960233E7;2974387.5805193963;事件点154255-G70|福银高速;1.3279612057075387E7;2975863.541398474"};{"id-name-alias-dir":"1453162;福银高速公路;文山大桥|G70|三福高速公路;2";"url":"http://map.sogou.com/#c=13278751;2976187;16&tip=匹配点距离457.36630983280816;1.3278751922362985E7;2976187.5678939787;事件点154255-G70|福银高速;1.3279612057075387E7;2975863.541398474"}]
154256,[{"navids":"85239164;85415240;85415241;85239145;85239146";"directions":"2;2;2;2;2"};{"navids":"85415238;85239147;85239150;85239149;85415243;85415242";"directions":"3;2;3;3;3;3"}],[{"id-name-alias-dir":"85239145;厦沙高速公路;S30|溪州大桥;2";"url":"http://map.sogou.com/#c=13142210;2859910;16&tip=匹配点距离16.686613981301754;1.314221003867149E7;2859910.426045979;事件点154256-S30|厦沙高速;1.3142189008143723E7;2859924.9722610135"};{"id-name-alias-dir":"85239147;厦沙高速公路;S30|溪州大桥;2";"url":"http://map.sogou.com/#c=13142232;2859910;16&tip=匹配点距离38.92427008236029;1.3142232457583733E7;2859910.993379362;事件点154256-S30|厦沙高速;1.3142189008143723E7;2859924.9722610135"}]
154257,[{"navids":"70038690;95817918;95817914;70038687;70038686;12511766;12511765;12511761;95817910;95817911;95817907;1064000;1063998";"directions":"3;3;3;3;3;3;3;2;2;2;2;2;2"};{"navids":"95817909;95817913;70038685;70038684;97207637;97207636";"directions":"3;3;3;2;3;3"}],[{"id-name-alias-dir":"12511761;沈海高速公路;泉厦高速公路|G15;2";"url":"http://map.sogou.com/#c=13170908;2818765;16&tip=匹配点距离0.7547532857728138;1.3170908350506108E7;2818765.813634043;事件点154257-G15|沈海高速;1.3169822488444125E7;2818364.762444061"};{"id-name-alias-dir":"70038684;沈海高速公路;泉厦高速公路|G15;2";"url":"http://map.sogou.com/#c=13169370;2818303;16&tip=匹配点距离431.25210155744657;1.3169370053068219E7;2818303.9813803653;事件点154257-G15|沈海高速;1.3169822488444125E7;2818364.762444061"}]
150746,[{"navids":"55113282;12511753;1188120;1189663;1189661;1188124";"directions":"3;2;3;3;3;3"};{"navids":"1189657;1189659;1188118;1189603;1189653;1189655";"directions":"2;2;2;2;2;2"}],[{"id-name-alias-dir":"12511753;厦蓉高速公路;漳龙高速公路|G76;2";"url":"http://map.sogou.com/#c=13037003;2851328;16&tip=匹配点距离3.1079591022143873;1.3037003863591254E7;2851328.5461827414;事件点150746-G76|厦蓉高速;1.303698411525835E7;2851252.311835077"};{"id-name-alias-dir":"1189653;厦蓉高速公路;漳龙高速公路|G76;2";"url":"http://map.sogou.com/#c=13037431;2850309;16&tip=匹配点距离12.57735473448877;1.3037431416294344E7;2850309.2752504223;事件点150746-G76|厦蓉高速;1.303698411525835E7;2851252.311835077"}]
151676,[{"navids":"14946961;14946953;14946951";"directions":"3;2;3"};{"navids":"14946949;14946955;14946956";"directions":"2;2;2"}],[{"id-name-alias-dir":"14946953;莆永高速公路;S10;2";"url":"http://map.sogou.com/#c=13139283;2888774;16&tip=匹配点距离0.7793684394823189;1.313928326850675E7;2888774.819387915;事件点151676-S12|莆永高速;1.3139298259500695E7;2888764.369141031"};{"id-name-alias-dir":"14946955;莆永高速公路;S10;2";"url":"http://map.sogou.com/#c=13139258;2888753;16&tip=匹配点距离30.91913926850514;1.3139258478650615E7;2888753.612469234;事件点151676-S12|莆永高速;1.3139298259500695E7;2888764.369141031"}]
151035,[{"navids":"14359629;14359693;14359699;14359700;14359691";"directions":"2;2;2;2;2"};{"navids":"14359690;14359698;14359697;14359688;14359687";"directions":"3;3;3;3;2"}],[{"id-name-alias-dir":"14359629;沈海高速公路;福宁高速公路|G15|同三高速公路;2";"url":"http://map.sogou.com/#c=13385027;3112112;16&tip=匹配点距离25.749701448208516;1.3385027512951024E7;3112112.391754188;事件点151035-G15|沈海高速;1.338461735139436E7;3111402.61779997"};{"id-name-alias-dir":"14359687;沈海高速公路;福宁高速公路|G15|同三高速公路;2";"url":"http://map.sogou.com/#c=13385025;3112079;16&tip=匹配点距离42.61552249349044;1.3385025525783539E7;3112079.5384445083;事件点151035-G15|沈海高速;1.338461735139436E7;3111402.61779997"}]
154260,[{"navids":"25888174;57954803;57954807;57954808;55018556";"directions":"2;2;2;2;2"};{"navids":"57954809;57954810;55018558;57954805;57954806;25888175";"directions":"2;2;2;2;2;2"}],[{"id-name-alias-dir":"57954807;宁东高速公路;G15W3;2";"url":"http://map.sogou.com/#c=13314563;3039464;16&tip=匹配点距离179.2495066519507;1.3314563810400648E7;3039464.241552784;事件点154260-G15W3|G15W3线沈海复线;1.3314235458473027E7;3039665.6360948775"};{"id-name-alias-dir":"57954805;宁东高速公路;G15W3;2";"url":"http://map.sogou.com/#c=13314587;3039477;16&tip=匹配点距离204.05332178965443;1.3314587131853906E7;3039477.565158321;事件点154260-G15W3|G15W3线沈海复线;1.3314235458473027E7;3039665.6360948775"}]
154262,[{"navids":"8801974;8801973;8801960;50176155;89913978;49209446;49209447;8802048;8802049;85352915";"directions":"3;3;2;2;2;2;2;2;2;2"};{"navids":"8795692;89913977;50176153;8802046;8801975;12509752;12509751;8802045;8802044;8801959";"directions":"3;3;3;3;3;3;3;2;3;3"}],[{"id-name-alias-dir":"8801960;沈海高速公路;G15|同三高速公路;2";"url":"http://map.sogou.com/#c=13386688;3157056;16&tip=匹配点距离29.779728627121834;1.3386688302597882E7;3157056.661005456;事件点154262-G15|沈海高速;1.3386731328941414E7;3157061.2135056243"};{"id-name-alias-dir":"8802045;沈海高速公路;G15|同三高速公路;2";"url":"http://map.sogou.com/#c=13386651;3156951;16&tip=匹配点距离44.9220068576687;1.3386651130511854E7;3156951.9429725367;事件点154262-G15|沈海高速;1.3386731328941414E7;3157061.2135056243"}]
154263,[{"navids":"8625143;8625151;8625154;8631317;8631316;8625140";"directions":"3;3;2;3;3;3"};{"navids":"49134282;8625142;8625152;8625153;8631314;29860477";"directions":"2;2;2;2;2;2"}],[{"id-name-alias-dir":"8625154;沈海高速公路;战坪洋高架桥|G15|同三高速公路;2";"url":"http://map.sogou.com/#c=13385318;3153889;16&tip=匹配点距离51.27238202467561;1.3385318702409025E7;3153889.9848644934;事件点154263-G15|沈海高速;1.3385394714856224E7;3154092.858646196"};{"id-name-alias-dir":"8625153;沈海高速公路;战坪洋高架桥|G15|同三高速公路;2";"url":"http://map.sogou.com/#c=13385302;3153892;16&tip=匹配点距离68.68675116938783;1.3385302425622705E7;3153892.6332275905;事件点154263-G15|沈海高速;1.3385394714856224E7;3154092.858646196"}]
154021,[{"navids":"852783;852782;852781;851351;851343";"directions":"3;3;2;3;3"};{"navids":"54167541;12512040;851345";"directions":"2;2;2"}],[{"id-name-alias-dir":"852781;浦建高速公路;S0311;2";"url":"http://map.sogou.com/#c=13069030;3126317;16&tip=匹配点距离37.750569396808224;1.3069030598573085E7;3126317.000579328;事件点154021-S0311|浦建高速;1.3069903027284266E7;3126693.7463526498"};{"id-name-alias-dir":"12512040;浦建高速公路;S0311;2";"url":"http://map.sogou.com/#c=13069912;3126633;16&tip=匹配点距离52.97553985033257;1.3069912539253803E7;3126633.1652053506;事件点154021-S0311|浦建高速;1.3069903027284266E7;3126693.7463526498"}]
154287,[{"navids":"85123869;85123861;85123857;85123853";"directions":"3;3;2;3"};{"navids":"85123855;85123859;85123863;14726567;14726568";"directions":"2;2;2;2;2"}],[{"id-name-alias-dir":"85123857;长深高速公路;G25;2";"url":"http://map.sogou.com/#c=13197604;3117556;16&tip=匹配点距离1.5985951166458716;1.31976047542736E7;3117556.00405073;事件点154287-G25|长深高速;1.3197551749620019E7;3117551.550101338"};{"id-name-alias-dir":"85123859;长深高速公路;G25;2";"url":"http://map.sogou.com/#c=13197609;3117528;16&tip=匹配点距离34.39486504782494;1.3197609182611149E7;3117528.03372464;事件点154287-G25|长深高速;1.3197551749620019E7;3117551.550101338"}]
154288,[{"navids":"1064000;1063998;55118319;55118320";"directions":"2;2;2;2"};{"navids":"1064010;95817909";"directions":"2;3"}],[{"id-name-alias-dir":"55118319;沈海高速公路;泉厦高速公路|G15;2";"url":"http://map.sogou.com/#c=13164659;2819030;16&tip=匹配点距离93.99674525413707;1.31646593446793E7;2819030.3644202626;事件点154288-G15|沈海高速;1.3165373935929842E7;2818809.429259654"};{"id-name-alias-dir":"1064010;沈海高速公路;泉厦高速公路|G15;2";"url":"http://map.sogou.com/#c=13164527;2819051;16&tip=匹配点距离130.8328684069206;1.3164527965201145E7;2819051.307174506;事件点154288-G15|沈海高速;1.3165373935929842E7;2818809.429259654"}]
154289,[{"navids":"949086;49383360;49383359;950500;950493;949093;949089;950544";"directions":"3;3;3;2;3;3;3;3"};{"navids":"950545;949088;949091;950490;950496;950499;49383361";"directions":"2;2;2;2;2;2;2"}],[{"id-name-alias-dir":"950500;厦蓉高速公路;龙长高速公路|G76|船岭岽3号隧道;2";"url":"http://map.sogou.com/#c=12969269;2913877;16&tip=匹配点距离10.084838003426752;1.2969269537338044E7;2913877.5688475803;事件点154289-G76|厦蓉高速;1.2969346642916262E7;2913748.885580905"};{"id-name-alias-dir":"950496;厦蓉高速公路;龙长高速公路|G76|船岭岽3号隧道;2";"url":"http://map.sogou.com/#c=12969311;2913898;16&tip=匹配点距离39.72186998931667;1.2969311666480796E7;2913898.848517539;事件点154289-G76|厦蓉高速;1.2969346642916262E7;2913748.885580905"}]
132011,[{"navids":"1011199;69098635;69098639;69098643;69098647;69098646";"directions":"3;2;3;3;3;3"};{"navids":"69098680;69098681;1011200";"directions":"2;2;2"}],[{"id-name-alias-dir":"69098635;长深高速公路;浦南高速公路|G25;2";"url":"http://map.sogou.com/#c=13165328;3079515;16&tip=匹配点距离19.113153136479106;1.3165328898312548E7;3079515.7684367322;事件点132011-G25|长深高速;1.3165022447345803E7;3079160.971123866"};{"id-name-alias-dir":"69098681;长深高速公路;浦南高速公路|G25;2";"url":"http://map.sogou.com/#c=13165040;3079242;16&tip=匹配点距离34.40272681165695;1.3165040595144438E7;3079242.094927926;事件点132011-G25|长深高速;1.3165022447345803E7;3079160.971123866"}]
130511,[{"navids":"25888174;57954803;57954807";"directions":"2;2;2"};{"navids":"57954809;57954810;55018558;57954805;57954806;25888175";"directions":"2;2;2;2;2;2"}],[{"id-name-alias-dir":"57954803;宁东高速公路;G15W3;2";"url":"http://map.sogou.com/#c=13314211;3040279;16&tip=匹配点距离235.39722117281715;1.3314211244493071E7;3040279.6708653513;事件点130511-5W3;1.3314013123949554E7;3040086.780038376"};{"id-name-alias-dir":"57954805;宁东高速公路;G15W3;2";"url":"http://map.sogou.com/#c=13314587;3039477;16&tip=匹配点距离261.2552995545649;1.3314587131853906E7;3039477.565158321;事件点130511-5W3;1.3314013123949554E7;3040086.780038376"}]
132895,[{"navids":"14666785;14666787";"directions":"2;3"};{"navids":"669736;669738";"directions":"2;2"}],[{"id-name-alias-dir":"14666785;厦蓉高速公路;漳龙高速公路|G76;2";"url":"http://map.sogou.com/#c=13070399;2821424;16&tip=匹配点距离13.355360255360294;1.3070399930077448E7;2821424.216157269;事件点132895-G76|厦蓉高速;1.3073044438977616E7;2817512.7866277234"};{"id-name-alias-dir":"669736;厦蓉高速公路;漳龙高速公路|G76;2";"url":"http://map.sogou.com/#c=13073670;2816981;16&tip=匹配点距离497.6404280731595;1.3073670128961112E7;2816981.032527793;事件点132895-G76|厦蓉高速;1.3073044438977616E7;2817512.7866277234"}]
123021,[{"navids":"1330305;1330327;1330328;95850366;95850367;1330338;1330339";"directions":"2;2;2;2;2;2;2"};{"navids":"95850365;95850364;14667048;1330341;1330336;1330335;1330306";"directions":"3;3;3;3;2;3;3"}],[{"id-name-alias-dir":"95850366;泉南高速公路;G72;2";"url":"http://map.sogou.com/#c=12971336;3012888;16&tip=匹配点距离5.474244063496185;1.2971336463451052E7;3012888.848244875;事件点123021-G72|泉南高速;1.2971350168495515E7;3012890.0553710386"};{"id-name-alias-dir":"1330336;泉南高速公路;G72;2";"url":"http://map.sogou.com/#c=12971288;3012887;16&tip=匹配点距离21.980571682033066;1.297128840886089E7;3012887.620898993;事件点123021-G72|泉南高速;1.2971350168495515E7;3012890.0553710386"}]
123260,[{"navids":"57872691;57872693;57872692";"directions":"3;2;3"};{"navids":"57872689;57872688";"directions":"2;3"}],[{"id-name-alias-dir":"57872693;宁光高速公路;S10|S0312|邵光高速公路;2";"url":"http://map.sogou.com/#c=13071887;3156667;16&tip=匹配点距离17.608097698407935;1.3071887565495586E7;3156667.5964921415;事件点123260-S10|宁光高速;1.3071794387917038E7;3156969.0726631586"};{"id-name-alias-dir":"57872689;宁光高速公路;S10|S0312|邵光高速公路;2";"url":"http://map.sogou.com/#c=13071927;3156599;16&tip=匹配点距离42.33655380714091;1.3071927675687516E7;3156599.008131383;事件点123260-S10|宁光高速;1.3071794387917038E7;3156969.0726631586"}]
153919,[{"navids":"14666785;14666787";"directions":"2;3"}],[{"id-name-alias-dir":"14666785;厦蓉高速公路;漳龙高速公路|G76;2";"url":"http://map.sogou.com/#c=13070399;2821424;16&tip=匹配点距离11.512174295237589;1.3070399930077448E7;2821424.216157269;事件点153919-G76|厦蓉高速;1.3069479145058244E7;2823089.714595272"}]
150511,[{"navids":"734746;733233;731638";"directions":"2;2;2"};{"navids":"736299;736298;14666781";"directions":"3;2;3"}],[{"id-name-alias-dir":"733233;厦蓉高速公路;漳龙高速公路|G76;2";"url":"http://map.sogou.com/#c=13083260;2812984;16&tip=匹配点距离5.549547650912002;1.3083260659918558E7;2812984.760203722;事件点150511-G76|厦蓉高速;1.3084988433376214E7;2812393.9697109642"};{"id-name-alias-dir":"736298;厦蓉高速公路;漳龙高速公路|G76;2";"url":"http://map.sogou.com/#c=13083237;2813009;16&tip=匹配点距离19.46537948265445;1.3083237105815077E7;2813009.213883313;事件点150511-G76|厦蓉高速;1.3084988433376214E7;2812393.9697109642"}]
154291,[{"navids":"51789350;53916491;53916499";"directions":"2;2;2"};{"navids":"53916498;53916490;51789351";"directions":"2;2;2"}],[{"id-name-alias-dir":"53916491;永漳高速公路;S7211;2";"url":"http://map.sogou.com/#c=13078071;2950501;16&tip=匹配点距离22.46270461044331;1.30780710401452E7;2950501.16389379;事件点154291-S7211|永漳高速;1.307805597705547E7;2950450.0790528944"};{"id-name-alias-dir":"53916490;永漳高速公路;S7211;2";"url":"http://map.sogou.com/#c=13078025;2950456;16&tip=匹配点距离28.99842194640701;1.3078025814996798E7;2950456.1343592154;事件点154291-S7211|永漳高速;1.307805597705547E7;2950450.0790528944"}]
154293,[{"navids":"14946425;14947049;14947051";"directions":"2;2;2"};{"navids":"14947053;14947047;14947045";"directions":"3;2;3"}],[{"id-name-alias-dir":"14947049;莆永高速公路;东溪大桥|S10;2";"url":"http://map.sogou.com/#c=13149648;2890087;16&tip=匹配点距离6.71783260486601;1.3149648328970337E7;2890087.880236636;事件点154293-S12|莆永高速;1.3149645936012514E7;2890076.4087961526"};{"id-name-alias-dir":"14947047;莆永高速公路;东溪大桥|S10;2";"url":"http://map.sogou.com/#c=13149642;2890109;16&tip=匹配点距离29.19061083034449;1.3149642608382601E7;2890109.4471843797;事件点154293-S12|莆永高速;1.3149645936012514E7;2890076.4087961526"}]
154294,[{"navids":"1325886;1325885;1325883;14505404;55118269";"directions":"3;3;2;3;3"};{"navids":"14505406;1325910;1325911;1325887;1325888";"directions":"2;2;2;2;2"}],[{"id-name-alias-dir":"1325883;泉南高速公路;泉三高速公路|G72;2";"url":"http://map.sogou.com/#c=13167745;2886079;16&tip=匹配点距离29.08522002799588;1.3167745075456701E7;2886079.8729894347;事件点154294-G72|泉南高速;1.316770559386609E7;2886079.3046877347"};{"id-name-alias-dir":"1325911;泉南高速公路;泉三高速公路|G72;2";"url":"http://map.sogou.com/#c=13167755;2886109;16&tip=匹配点距离56.960086966740455;1.31677556353385E7;2886109.22837976;事件点154294-G72|泉南高速;1.316770559386609E7;2886079.3046877347"}]
154295,[{"navids":"57536719;55018135";"directions":"3;2"};{"navids":"55018137;57536721;57536722;55230439";"directions":"2;2;2;2"}],[{"id-name-alias-dir":"55018135;京台高速公路;G3|黄竹山隧道;2";"url":"http://map.sogou.com/#c=13229683;3032895;16&tip=匹配点距离61.98054240299297;1.3229683378156893E7;3032895.26927892;事件点154295-G3|京台高速;1.3229169876287267E7;3033597.2207443505"};{"id-name-alias-dir":"57536721;京台高速公路;G3|黄竹山隧道;2";"url":"http://map.sogou.com/#c=13227944;3035865;16&tip=匹配点距离313.45815664267445;1.3227944695617843E7;3035865.6283359635;事件点154295-G3|京台高速;1.3229169876287267E7;3033597.2207443505"}]
154275,[{"navids":"14666785;14666787";"directions":"2;3"};{"navids":"669736;669738";"directions":"2;2"}],[{"id-name-alias-dir":"14666785;厦蓉高速公路;漳龙高速公路|G76;2";"url":"http://map.sogou.com/#c=13070399;2821424;16&tip=匹配点距离16.370468487015405;1.3070399930077448E7;2821424.216157269;事件点154275-G76|厦蓉高速;1.3073155925733108E7;2817439.8747134353"};{"id-name-alias-dir":"669736;厦蓉高速公路;漳龙高速公路|G76;2";"url":"http://map.sogou.com/#c=13073670;2816981;16&tip=匹配点距离365.70617377766587;1.3073670128961112E7;2816981.032527793;事件点154275-G76|厦蓉高速;1.3073155925733108E7;2817439.8747134353"}]
154277,[{"navids":"49430354;49430356;49430360";"directions":"2;2;2"};{"navids":"49430363;49430359;49430353";"directions":"2;2;2"}],[{"id-name-alias-dir":"49430356;沈海高速公路;漳诏高速公路|G15;2";"url":"http://map.sogou.com/#c=13067379;2719603;16&tip=匹配点距离169.213763864991;1.3067379680162458E7;2719603.573199281;事件点154277-G15|沈海高速;1.306759430484731E7;2718729.2427285435"};{"id-name-alias-dir":"49430359;沈海高速公路;漳诏高速公路|G15;2";"url":"http://map.sogou.com/#c=13067365;2719602;16&tip=匹配点距离182.19945733065762;1.3067365055318205E7;2719602.0951898587;事件点154277-G15|沈海高速;1.306759430484731E7;2718729.2427285435"}]
154278,[{"navids":"49430368;49430369;991966";"directions":"2;2;2"};{"navids":"991966;14666684;14666685";"directions":"2;2;2"}],[{"id-name-alias-dir":"49430369;沈海高速公路;漳诏高速公路|G15;2";"url":"http://map.sogou.com/#c=13067039;2723556;16&tip=匹配点距离41.201593937865056;1.3067039705028677E7;2723556.9069362553;事件点154278-G15|沈海高速;1.306714916724734E7;2723694.524470429"};{"id-name-alias-dir":"14666684;沈海高速公路;漳诏高速公路|G15;2";"url":"http://map.sogou.com/#c=13067166;2723818;16&tip=匹配点距离95.74479673885543;1.3067166886255212E7;2723818.7030982357;事件点154278-G15|沈海高速;1.306714916724734E7;2723694.524470429"}]
134449,[{"navids":"734746;733233;731638";"directions":"2;2;2"};{"navids":"736299;736298;14666781";"directions":"3;2;3"}],[{"id-name-alias-dir":"733233;厦蓉高速公路;漳龙高速公路|G76;2";"url":"http://map.sogou.com/#c=13083260;2812984;16&tip=匹配点距离2.0223324859160683;1.3083260659918558E7;2812984.760203722;事件点134449-G76|厦蓉高速;1.3085880902201667E7;2812152.250813056"};{"id-name-alias-dir":"736298;厦蓉高速公路;漳龙高速公路|G76;2";"url":"http://map.sogou.com/#c=13083237;2813009;16&tip=匹配点距离16.85452752382809;1.3083237105815077E7;2813009.213883313;事件点134449-G76|厦蓉高速;1.3085880902201667E7;2812152.250813056"}]
132022,[{"navids":"14666785;14666787";"directions":"2;3"}],[{"id-name-alias-dir":"14666785;厦蓉高速公路;漳龙高速公路|G76;2";"url":"http://map.sogou.com/#c=13070399;2821424;16&tip=匹配点距离0.6578944428362513;1.3070399930077448E7;2821424.216157269;事件点132022-G76|厦蓉高速;1.3069479143335657E7;2823077.526679029"}]
154279,[{"navids":"49430379;640312;640316";"directions":"2;2;2"};{"navids":"640358;12472677;12472678";"directions":"2;2;2"}],[{"id-name-alias-dir":"640312;沈海高速公路;漳诏高速公路|船场大桥|G15;2";"url":"http://map.sogou.com/#c=13069274;2728340;16&tip=匹配点距离27.47766177739392;1.3069274044923583E7;2728340.136927606;事件点154279-G15|沈海高速;1.3069374258754557E7;2728527.3506023595"};{"id-name-alias-dir":"12472677;沈海高速公路;漳诏高速公路|船场大桥|G15;2";"url":"http://map.sogou.com/#c=13069273;2728382;16&tip=匹配点距离44.938380305647485;1.306927341436317E7;2728382.912910905;事件点154279-G15|沈海高速;1.3069374258754557E7;2728527.3506023595"}]
154158,[{"navids":"49316118;49316122;49316126;49316130;49316129";"directions":"3;3;3;3;2"};{"navids":"12511921;12511922";"directions":"2;2"}],[{"id-name-alias-dir":"49316129;沈海高速公路;罗长高速公路|G15;2";"url":"http://map.sogou.com/#c=13300912;3029177;16&tip=匹配点距离32.082386770682994;1.3300912376599185E7;3029177.5156271625;事件点154158-G15|沈海高速;1.3301513220633239E7;3031537.433108519"};{"id-name-alias-dir":"12511921;沈海高速公路;罗长高速公路|G15;2";"url":"http://map.sogou.com/#c=13301207;3030926;16&tip=匹配点距离46.75407212484906;1.3301207528759236E7;3030926.8289771643;事件点154158-G15|沈海高速;1.3301513220633239E7;3031537.433108519"}]
154038,[{"navids":"95817777;95817776;95817774;14666733";"directions":"3;3;2;3"};{"navids":"754740;95817772;95817778;95817779";"directions":"2;2;2;2"}],[{"id-name-alias-dir":"95817774;沈海高速公路;G15|G76|厦漳高速公路|厦蓉高速公路;2";"url":"http://map.sogou.com/#c=13140212;2810091;16&tip=匹配点距离0.0512693821318989;1.3140212976405056E7;2810091.444245431;事件点154038-G15|沈海高速;1.3141303268631388E7;2810536.5576037075"};{"id-name-alias-dir":"95817772;沈海高速公路;G15|G76|厦漳高速公路|厦蓉高速公路;2";"url":"http://map.sogou.com/#c=13139013;2809711;16&tip=匹配点距离28.74266396121629;1.3139013627454242E7;2809711.603770817;事件点154038-G15|沈海高速;1.3141303268631388E7;2810536.5576037075"}]
133114,[{"navids":"87823425;87823424;87823418;87823414;87823412;87823408";"directions":"3;2;3;3;3;3"};{"navids":"87823410;87823411;87823416;87823420;87823422;87823423;87823426;87823427";"directions":"2;2;2;2;2;2;2;2"}],[{"id-name-alias-dir":"87823424;福诏高速公路;S35;2";"url":"http://map.sogou.com/#c=13258459;2968072;16&tip=匹配点距离3.75371505912972;1.3258459342829136E7;2968072.7157849795;事件点133114-S35|S35线沈海复线;1.3258747167661658E7;2968157.0348777995"};{"id-name-alias-dir":"87823422;福诏高速公路;S35;2";"url":"http://map.sogou.com/#c=13258424;2968028;16&tip=匹配点距离39.166638516377596;1.3258424191839632E7;2968028.869701198;事件点133114-S35|S35线沈海复线;1.3258747167661658E7;2968157.0348777995"}]
153989,[{"navids":"25888174;57954803;57954807;57954808;55018556;55018557";"directions":"2;2;2;2;2;2"};{"navids":"57954809;57954810;55018558;57954805;57954806;25888175";"directions":"2;2;2;2;2;2"}],[{"id-name-alias-dir":"57954807;宁东高速公路;G15W3;2";"url":"http://map.sogou.com/#c=13314563;3039464;16&tip=匹配点距离179.2495066519507;1.3314563810400648E7;3039464.241552784;事件点153989-G15W3|G15W3线沈海复线;1.3314235458473027E7;3039665.6360948775"};{"id-name-alias-dir":"57954805;宁东高速公路;G15W3;2";"url":"http://map.sogou.com/#c=13314587;3039477;16&tip=匹配点距离204.05332178965443;1.3314587131853906E7;3039477.565158321;事件点153989-G15W3|G15W3线沈海复线;1.3314235458473027E7;3039665.6360948775"}]
153904,[{"navids":"57958785;57958787;57958791";"directions":"3;2;3"};{"navids":"57958792;57958788;57958782";"directions":"3;2;3"}],[{"id-name-alias-dir":"57958787;宁光高速公路;S10|S0312|邵光高速公路;2";"url":"http://map.sogou.com/#c=13084746;3147385;16&tip=匹配点距离0.800596677553302;1.3084746216258006E7;3147385.120441299;事件点153904-S10|宁光高速;1.308552362064923E7;3147218.419033643"};{"id-name-alias-dir":"57958788;宁光高速公路;S10|S0312|邵光高速公路;2";"url":"http://map.sogou.com/#c=13084793;3147398;16&tip=匹配点距离28.814778571217314;1.3084793229738044E7;3147398.8424324845;事件点153904-S10|宁光高速;1.308552362064923E7;3147218.419033643"}]
154280,[{"navids":"49430354;49430356;49430360";"directions":"2;2;2"};{"navids":"49430363;49430359;49430353";"directions":"2;2;2"}],[{"id-name-alias-dir":"49430356;沈海高速公路;漳诏高速公路|G15;2";"url":"http://map.sogou.com/#c=13067379;2719603;16&tip=匹配点距离37.087288947326954;1.3067379680162458E7;2719603.573199281;事件点154280-G15|沈海高速;1.306737177970224E7;2720376.1567003243"};{"id-name-alias-dir":"49430359;沈海高速公路;漳诏高速公路|G15;2";"url":"http://map.sogou.com/#c=13067365;2719602;16&tip=匹配点距离50.87133659962732;1.3067365055318205E7;2719602.0951898587;事件点154280-G15|沈海高速;1.306737177970224E7;2720376.1567003243"}]
154282,[{"navids":"14943626;14943646;14943652;14943654;14943690";"directions":"2;2;2;2;2"};{"navids":"14943688;14943658;14943656;14943650;14943648;14943644;14943628";"directions":"3;3;2;3;3;3;3"}],[{"id-name-alias-dir":"14943654;莆永高速公路;S10|垵口大桥;2";"url":"http://map.sogou.com/#c=13179586;2901683;16&tip=匹配点距离2.887514115338401;1.317958681185914E7;2901683.1979932096;事件点154282-S12|莆永高速;1.3179489881893124E7;2901661.079776768"};{"id-name-alias-dir":"14943656;莆永高速公路;S10|垵口大桥;2";"url":"http://map.sogou.com/#c=13179581;2901707;16&tip=匹配点距离27.970469902297644;1.3179581810028713E7;2901707.8329838365;事件点154282-S12|莆永高速;1.3179489881893124E7;2901661.079776768"}]
154283,[{"navids":"852351;852349;850818";"directions":"3;2;3"};{"navids":"852305;850817;852347";"directions":"3;2;3"}],[{"id-name-alias-dir":"852349;沈海高速公路;福宁高速公路|G15|湾坞枢纽|同三高速公路;2";"url":"http://map.sogou.com/#c=13327188;3083840;16&tip=匹配点距离42.53211740166502;1.3327188239905195E7;3083840.367312937;事件点154283-G15|沈海高速;1.3327134450421643E7;3083863.600822791"};{"id-name-alias-dir":"850817;沈海高速公路;福宁高速公路|G15|湾坞枢纽|同三高速公路;2";"url":"http://map.sogou.com/#c=13327342;3083872;16&tip=匹配点距离59.58978697895431;1.332734276291369E7;3083872.4052583952;事件点154283-G15|沈海高速;1.3327134450421643E7;3083863.600822791"}]
154284,[{"navids":"55118322;55118321";"directions":"2;3"};{"navids":"14666865;14666742;55118323;55118324";"directions":"2;2;2;2"}],[{"id-name-alias-dir":"55118322;沈海高速公路;泉厦高速公路|G15;2";"url":"http://map.sogou.com/#c=13148051;2816595;16&tip=匹配点距离0.5830222315429467;1.3148051677432002E7;2816595.4022439024;事件点154284-G15|沈海高速;1.3147533523376487E7;2816071.5789536024"};{"id-name-alias-dir":"14666742;沈海高速公路;泉厦高速公路|G15;2";"url":"http://map.sogou.com/#c=13147498;2815984;16&tip=匹配点距离31.012002568209134;1.3147498499576598E7;2815984.520623779;事件点154284-G15|沈海高速;1.3147533523376487E7;2816071.5789536024"}]
154285,[{"navids":"95314507;14946528;14946527;14946525;14946534;14946533";"directions":"3;3;3;3;2;3"};{"navids":"14900503;14946535;14946536";"directions":"2;2;2"}],[{"id-name-alias-dir":"14946534;莆永高速公路;S10|云中山隧道;2";"url":"http://map.sogou.com/#c=13094791;2894565;16&tip=匹配点距离400.1227113241634;1.3094791425911974E7;2894565.701636043;事件点154285-S12|莆永高速;1.3094896286490303E7;2895504.874570435"};{"id-name-alias-dir":"14946535;莆永高速公路;S10|云中山隧道;2";"url":"http://map.sogou.com/#c=13093971;2897333;16&tip=匹配点距离809.8562831515145;1.3093971070615213E7;2897333.564729508;事件点154285-S12|莆永高速;1.3094896286490303E7;2895504.874570435"}]
153254,[{"navids":"754747;754744;14666738;14666865;14666742";"directions":"2;2;2;2;2"};{"navids":"55118322;55118321;14666736;12472723;49391597;49391596;754681";"directions":"3;2;3;3;3;3;3"}],[{"id-name-alias-dir":"14666865;沈海高速公路;泉厦高速公路|G15;2";"url":"http://map.sogou.com/#c=13146841;2815310;16&tip=匹配点距离12.539142460730725;1.3146841438697718E7;2815310.340650436;事件点153254-G15|沈海高速;1.3147199269693682E7;2815669.4907083926"};{"id-name-alias-dir":"55118321;沈海高速公路;泉厦高速公路|G15;2";"url":"http://map.sogou.com/#c=13146805;2815326;16&tip=匹配点距离17.560230205056182;1.3146805975232426E7;2815326.6859185984;事件点153254-G15|沈海高速;1.3147199269693682E7;2815669.4907083926"}]
154223,[{"navids":"13302705;13302707;13302709;13302710;13302711;13302713;13302715;13302716";"directions":"2;2;2;2;2;2;2;2"};{"navids":"13302703;1139869;1139868;1128894;13302720;13302719;1138185";"directions":"3;2;3;3;3;3;3"}],[{"id-name-alias-dir":"13302710;沈海高速公路;福泉高速公路|营前特大桥|G15;2";"url":"http://map.sogou.com/#c=13297896;2974833;16&tip=匹配点距离8.388501225014318;1.3297896035420569E7;2974833.7139767413;事件点154223-G15|沈海高速;1.3297942945957787E7;2974839.924025128"};{"id-name-alias-dir":"1139869;沈海高速公路;福泉高速公路|营前特大桥|G15;2";"url":"http://map.sogou.com/#c=13298505;2975074;16&tip=匹配点距离22.0949199914327;1.3298505031972235E7;2975074.561164943;事件点154223-G15|沈海高速;1.3297942945957787E7;2974839.924025128"}]
129344,[{"navids":"1189645;1189648;49383249;49383250;1188097;1188128;1188130;1189596;1189599;1189665";"directions":"2;2;2;2;2;2;2;2;2;2"};{"navids":"1189670;1189669;1188126;49383248;49383247;1189641;1189606;1188095;1189608;1189651";"directions":"3;3;3;3;3;3;3;2;3;3"}],[{"id-name-alias-dir":"1188097;厦蓉高速公路;漳龙高速公路|G76|后祠隧道;2";"url":"http://map.sogou.com/#c=13035848;2853790;16&tip=匹配点距离20.780795910641196;1.3035848490690708E7;2853790.012050641;事件点129344-G76|厦蓉高速;1.3035759434355618E7;2853815.577973958"};{"id-name-alias-dir":"1188095;厦蓉高速公路;漳龙高速公路|G76|后祠隧道;2";"url":"http://map.sogou.com/#c=13035865;2853839;16&tip=匹配点距离72.7073802236643;1.3035865813909031E7;2853839.638356951;事件点129344-G76|厦蓉高速;1.3035759434355618E7;2853815.577973958"}]
153652,[{"navids":"14666862;49320849;689889";"directions":"2;2;2"};{"navids":"689888;12511786;40221680";"directions":"3;2;3"}],[{"id-name-alias-dir":"49320849;泉州环城高速公路;G1502;2";"url":"http://map.sogou.com/#c=13201696;2854431;16&tip=匹配点距离1.2886428995935344;1.320169665081162E7;2854431.1357131563;事件点153652-G1502|泉州环城高速;1.3201693783596236E7;2854432.001091636"};{"id-name-alias-dir":"12511786;泉州环城高速公路;G1502;2";"url":"http://map.sogou.com/#c=13201697;2854455;16&tip=匹配点距离22.7347985242203;1.3201697159711633E7;2854455.5050982535;事件点153652-G1502|泉州环城高速;1.3201693783596236E7;2854432.001091636"}]
153773,[{"navids":"55118336;55118335;55118329;69098501;69098500;95802048;69098497";"directions":"3;3;2;3;3;3;3"};{"navids":"69098499;95802051;69098502;69098503;55118331;55118333;55118334";"directions":"2;2;2;2;2;2;2"}],[{"id-name-alias-dir":"55118329;厦沙高速公路;S30;2";"url":"http://map.sogou.com/#c=13141889;2820319;16&tip=匹配点距离0.47734562226496696;1.314188976868028E7;2820319.391833436;事件点153773-S30|厦沙高速厦门段;1.3141859292092834E7;2820207.298998243"};{"id-name-alias-dir":"55118331;厦沙高速公路;S30;2";"url":"http://map.sogou.com/#c=13141914;2820308;16&tip=匹配点距离28.056042315316002;1.3141914825660868E7;2820308.3678045035;事件点153773-S30|厦沙高速厦门段;1.3141859292092834E7;2820207.298998243"}]
153777,[{"navids":"95252503;95252502;95252486";"directions":"3;2;3"};{"navids":"95252484;95252500;95252501";"directions":"2;2;2"}],[{"id-name-alias-dir":"95252502;福诏高速公路;S35;2";"url":"http://map.sogou.com/#c=13203537;2895249;16&tip=匹配点距离39.80870431782294;1.3203537878602061E7;2895249.544897541;事件点153777-S35|福诏高速;1.3203695411131151E7;2895200.386837599"};{"id-name-alias-dir":"95252500;福诏高速公路;S35;2";"url":"http://map.sogou.com/#c=13203524;2895260;16&tip=匹配点距离58.69295578980677;1.3203524777975064E7;2895260.3117215927;事件点153777-S35|福诏高速;1.3203695411131151E7;2895200.386837599"}]
154228,[{"navids":"1013988;1013987;95314604;95314603;1013979;1013986";"directions":"3;2;3;3;3;3"};{"navids":"87967504;1013989;1013990;1013975;1013976";"directions":"2;2;2;2;2"}],[{"id-name-alias-dir":"1013987;长深高速公路;G25;2";"url":"http://map.sogou.com/#c=12997128;2938278;16&tip=匹配点距离20.580667631777285;1.2997128834556684E7;2938278.010995205;事件点154228-G25|长深高速;1.2996721546725135E7;2938164.3289178764"};{"id-name-alias-dir":"1013976;长深高速公路;G25;2";"url":"http://map.sogou.com/#c=12996924;2938248;16&tip=匹配点距离45.52111693171398;1.299692472356231E7;2938248.2570208614;事件点154228-G25|长深高速;1.2996721546725135E7;2938164.3289178764"}]
154108,[{"navids":"8625143;8625151;8625154;8631317;8631316;8625140";"directions":"3;3;2;3;3;3"};{"navids":"49134282;8625142;8625152;8625153;8631314;29860477";"directions":"2;2;2;2;2;2"}],[{"id-name-alias-dir":"8625154;沈海高速公路;战坪洋高架桥|G15|同三高速公路;2";"url":"http://map.sogou.com/#c=13385318;3153889;16&tip=匹配点距离51.27238202467561;1.3385318702409025E7;3153889.9848644934;事件点154108-G15|沈海高速;1.3385394714856224E7;3154092.858646196"};{"id-name-alias-dir":"8625153;沈海高速公路;战坪洋高架桥|G15|同三高速公路;2";"url":"http://map.sogou.com/#c=13385302;3153892;16&tip=匹配点距离68.68675116938783;1.3385302425622705E7;3153892.6332275905;事件点154108-G15|沈海高速;1.3385394714856224E7;3154092.858646196"}]
154109,[{"navids":"49392740;49392741";"directions":"2;2"};{"navids":"49392742;49392743";"directions":"2;2"}],[{"id-name-alias-dir":"49392741;沈海高速公路;福宁高速公路|G15|同三高速公路;2";"url":"http://map.sogou.com/#c=13356838;3088518;16&tip=匹配点距离9.38335175397087;1.3356838864372691E7;3088518.251464125;事件点154109-G15|沈海高速;1.3357327556504274E7;3088691.3089835574"};{"id-name-alias-dir":"49392742;沈海高速公路;福宁高速公路|G15|同三高速公路;2";"url":"http://map.sogou.com/#c=13356837;3088537;16&tip=匹配点距离10.599165518924478;1.3356837650730263E7;3088537.200157025;事件点154109-G15|沈海高速;1.3357327556504274E7;3088691.3089835574"}]
153779,[{"navids":"95252632;95252636;95252638;95252642;95252664;95252665;95252572;95252660";"directions":"2;2;2;2;2;2;2;2"};{"navids":"95252674;95252569;95252663;95252662;95252644;95252640;95252634";"directions":"3;3;3;3;2;3;3"}],[{"id-name-alias-dir":"95252642;福诏高速公路;S35|狮山隧道;2";"url":"http://map.sogou.com/#c=13195376;2882876;16&tip=匹配点距离10.081446321744203;1.3195376583054949E7;2882876.738907385;事件点153779-S35|S35线沈海复线;1.3195893552979192E7;2883097.1369814766"};{"id-name-alias-dir":"95252644;福诏高速公路;S35|狮山隧道;2";"url":"http://map.sogou.com/#c=13195388;2882839;16&tip=匹配点距离48.36487144690976;1.3195388031686569E7;2882839.062177501;事件点153779-S35|S35线沈海复线;1.3195893552979192E7;2883097.1369814766"}]
153939,[{"navids":"14666785;14666787";"directions":"2;3"};{"navids":"669736;669738";"directions":"2;2"}],[{"id-name-alias-dir":"14666785;厦蓉高速公路;漳龙高速公路|G76;2";"url":"http://map.sogou.com/#c=13070399;2821424;16&tip=匹配点距离57.50874783343592;1.3070399930077448E7;2821424.216157269;事件点153939-G76|厦蓉高速;1.307304444836714E7;2817622.4380813623"};{"id-name-alias-dir":"669736;厦蓉高速公路;漳龙高速公路|G76;2";"url":"http://map.sogou.com/#c=13073670;2816981;16&tip=匹配点距离574.2745183594545;1.3073670128961112E7;2816981.032527793;事件点153939-G76|厦蓉高速;1.307304444836714E7;2817622.4380813623"}]
151505,[{"navids":"870643;95314707;95314708";"directions":"2;2;2"};{"navids":"870627;870620;870618";"directions":"3;2;3"}],[{"id-name-alias-dir":"95314707;浦建高速公路;S0311;2";"url":"http://map.sogou.com/#c=13057610;3120294;16&tip=匹配点距离1.4098681389524683;1.305761039752315E7;3120294.35577176;事件点151505-S0311|浦建高速;1.3057567638242316E7;3120254.6314392756"};{"id-name-alias-dir":"870620;浦建高速公路;S0311;2";"url":"http://map.sogou.com/#c=13057673;3120373;16&tip=匹配点距离13.450928363241955;1.305767375681395E7;3120373.2446465697;事件点151505-S0311|浦建高速;1.3057567638242316E7;3120254.6314392756"}]
152310,[{"navids":"87055256;87055257;86489257";"directions":"2;2;2"};{"navids":"86489259;87055259;87055258";"directions":"2;3;3"}],[{"id-name-alias-dir":"86489257;沈海高速公路;罗宁高速公路|G15|宁德特大桥;2";"url":"http://map.sogou.com/#c=13307797;3061876;16&tip=匹配点距离34.5487271323273;1.3307797310848748E7;3061876.2646736507;事件点152310-G15|沈海高速;1.3307878759110346E7;3062266.9563390566"};{"id-name-alias-dir":"86489259;沈海高速公路;罗宁高速公路|G15|宁德特大桥;2";"url":"http://map.sogou.com/#c=13307780;3061876;16&tip=匹配点距离51.278086481539944;1.3307780633549936E7;3061876.1467091353;事件点152310-G15|沈海高速;1.3307878759110346E7;3062266.9563390566"}]
152550,[{"navids":"14968559;14968555;14968551;14968550;14968549;14968543";"directions":"3;2;3;3;3;3"};{"navids":"14968546;14968545;14968548;14968554;14968558;14968562";"directions":"3;3;3;3;2;3"}],[{"id-name-alias-dir":"14968555;福诏高速公路;S35|洋头大桥;2";"url":"http://map.sogou.com/#c=13219179;2945747;16&tip=匹配点距离2.4791604193416457;1.321917921368965E7;2945747.3583497326;事件点152550-S35|S35线沈海复线;1.3219255118672624E7;2945857.055177653"};{"id-name-alias-dir":"14968558;福诏高速公路;S35|洋头大桥;2";"url":"http://map.sogou.com/#c=13219207;2945732;16&tip=匹配点距离23.532230807356044;1.3219207843830615E7;2945732.912012006;事件点152550-S35|S35线沈海复线;1.3219255118672624E7;2945857.055177653"}]
132289,[{"navids":"87823448;87823446;87823440;87823436;87823433;87823432;87823428";"directions":"3;3;3;2;3;3;3"};{"navids":"87823430;87823431;87823434;87823438";"directions":"2;2;2;2"}],[{"id-name-alias-dir":"87823436;福诏高速公路;S35;2";"url":"http://map.sogou.com/#c=13263480;2969729;16&tip=匹配点距离7.613805731741622;1.3263480200644888E7;2969729.3477224745;事件点132289-S35|S35线沈海复线;1.3262980522845704E7;2969589.1119674807"};{"id-name-alias-dir":"87823434;福诏高速公路;S35;2";"url":"http://map.sogou.com/#c=13262663;2969222;16&tip=匹配点距离466.629188894943;1.32626638854567E7;2969222.808202555;事件点132289-S35|S35线沈海复线;1.3262980522845704E7;2969589.1119674807"}]
153920,[{"navids":"14666785;14666787";"directions":"2;3"}],[{"id-name-alias-dir":"14666785;厦蓉高速公路;漳龙高速公路|G76;2";"url":"http://map.sogou.com/#c=13070399;2821424;16&tip=匹配点距离6.290457534212791;1.3070399930077448E7;2821424.216157269;事件点153920-G76|厦蓉高速;1.306892267750192E7;2823394.393161783"}]
116017,[{"navids":"87823368;87823379;87823378";"directions":"3;2;3"};{"navids":"87823377;87823380;87823382";"directions":"2;2;2"}],[{"id-name-alias-dir":"87823379;福诏高速公路;S35;2";"url":"http://map.sogou.com/#c=13255847;2967912;16&tip=匹配点距离3.6621503437222573;1.3255847498098113E7;2967912.138355213;事件点116017-S35|S35线沈海复线;1.3255852900437513E7;2967910.572397204"};{"id-name-alias-dir":"87823380;福诏高速公路;S35;2";"url":"http://map.sogou.com/#c=13255859;2967883;16&tip=匹配点距离27.38383291745286;1.3255859348073086E7;2967883.4732979713;事件点116017-S35|S35线沈海复线;1.3255852900437513E7;2967910.572397204"}]
152849,[{"navids":"716181;716180;716177;716175;716173";"directions":"3;3;2;3;3"};{"navids":"716172;716174;14505395;14505396;716178;716179";"directions":"2;2;2;2;2;2"}],[{"id-name-alias-dir":"716177;泉南高速公路;泉三高速公路|G72;2";"url":"http://map.sogou.com/#c=13177918;2876868;16&tip=匹配点距离27.778328678539207;1.3177918947206458E7;2876868.3823292325;事件点152849-G72|泉南高速;1.3177710909099465E7;2877106.291632624"};{"id-name-alias-dir":"14505396;泉南高速公路;泉三高速公路|G72;2";"url":"http://map.sogou.com/#c=13177893;2876957;16&tip=匹配点距离57.191061197975934;1.317789309295439E7;2876957.320248238;事件点152849-G72|泉南高速;1.3177710909099465E7;2877106.291632624"}]
153929,[{"navids":"87967429;12544165;1266932;1266919;1259199;14666813;14666814;49383269;49383270;1253106;1262282;1262283";"directions":"3;3;3;3;2;2;2;2;2;2;2;2"};{"navids":"1262281;49383268;49383267;1253105;1262287;1262286;1259198;1266928;1266929;49383273;87967505;87967506;12544190";"directions":"3;2;3;3;3;3;3;2;2;2;2;2;2"}],[{"id-name-alias-dir":"1262282;厦蓉高速公路;漳龙高速公路|G76;2";"url":"http://map.sogou.com/#c=13021935;2869431;16&tip=匹配点距离3.027259680007603;1.302193544991025E7;2869431.1317674248;事件点153929-G76|厦蓉高速;1.3021992004498368E7;2869433.9989875546"};{"id-name-alias-dir":"49383268;厦蓉高速公路;漳龙高速公路|G76;2";"url":"http://map.sogou.com/#c=13021964;2869486;16&tip=匹配点距离54.8096112071977;1.302196484525485E7;2869486.6439464847;事件点153929-G76|厦蓉高速;1.3021992004498368E7;2869433.9989875546"}]
152203,[{"navids":"14666785;14666787";"directions":"2;3"}],[{"id-name-alias-dir":"14666785;厦蓉高速公路;漳龙高速公路|G76;2";"url":"http://map.sogou.com/#c=13070399;2821424;16&tip=匹配点距离18.907335403988437;1.3070399930077448E7;2821424.216157269;事件点152203-G76|厦蓉高速;1.3068032320415623E7;2824369.369823518"}]
132291,[{"navids":"87823448;87823446;87823440;87823436;87823433;87823432;87823428";"directions":"3;3;3;2;3;3;3"};{"navids":"87823430;87823431;87823434;87823438";"directions":"2;2;2;2"}],[{"id-name-alias-dir":"87823436;福诏高速公路;S35;2";"url":"http://map.sogou.com/#c=13263480;2969729;16&tip=匹配点距离1.4595703520773595;1.3263480200644888E7;2969729.3477224745;事件点132291-S35|S35线沈海复线;1.3262980523800738E7;2969576.7954288954"};{"id-name-alias-dir":"87823434;福诏高速公路;S35;2";"url":"http://map.sogou.com/#c=13262663;2969222;16&tip=匹配点距离457.3903774031309;1.32626638854567E7;2969222.808202555;事件点132291-S35|S35线沈海复线;1.3262980523800738E7;2969576.7954288954"}]
133263,[{"navids":"14943129;14943121;14943118;14943119;14943101;14943097;14943093";"directions":"2;2;2;2;2;2;2"};{"navids":"14943094;14943098;14943102;14943110;14943111;14943122;14943130";"directions":"2;2;2;2;2;2;2"}],[{"id-name-alias-dir":"14943119;福诏高速公路;S35;2";"url":"http://map.sogou.com/#c=13072854;2792350;16&tip=匹配点距离21.697360508560873;1.307285451918226E7;2792350.0796246487;事件点133263-S35|S35线沈海复线;1.3072934321553927E7;2792546.242520746"};{"id-name-alias-dir":"14943110;福诏高速公路;S35;2";"url":"http://map.sogou.com/#c=13072861;2792319;16&tip=匹配点距离39.5249471777647;1.3072861817729907E7;2792319.7613249035;事件点133263-S35|S35线沈海复线;1.3072934321553927E7;2792546.242520746"}]
154182,[{"navids":"896891;896889;898329;898333;898335";"directions":"3;3;2;3;3"};{"navids":"898336;898331;14948549;14948550;885290;885292";"directions":"2;2;2;2;2;2"}],[{"id-name-alias-dir":"898329;沈海高速公路;罗宁高速公路|G15;2";"url":"http://map.sogou.com/#c=13309409;3067381;16&tip=匹配点距离12.372172069037804;1.3309409361442175E7;3067381.769305139;事件点154182-G15|沈海高速;1.3310891346988918E7;3069262.064111057"};{"id-name-alias-dir":"14948549;沈海高速公路;罗宁高速公路|G15;2";"url":"http://map.sogou.com/#c=13309385;3067326;16&tip=匹配点距离28.812958240041834;1.3309385715317642E7;3067326.403670416;事件点154182-G15|沈海高速;1.3310891346988918E7;3069262.064111057"}]
154062,[{"navids":"14943596;14943577;14943591;14943590;14943587;14943586";"directions":"3;3;3;3;2;3"};{"navids":"14943554;14943555;14943556;14943588;14943589;14943592;14943594";"directions":"2;2;2;2;2;2;2"}],[{"id-name-alias-dir":"14943587;莆永高速公路;S10;2";"url":"http://map.sogou.com/#c=13172474;2894022;16&tip=匹配点距离3.272836054234598;1.3172474448511621E7;2894022.027727751;事件点154062-S12|莆永高速;1.3172484940374082E7;2894015.5236187046"};{"id-name-alias-dir":"14943588;莆永高速公路;S10;2";"url":"http://map.sogou.com/#c=13172551;2894018;16&tip=匹配点距离28.405608873944626;1.3172551877166769E7;2894018.951268867;事件点154062-S12|莆永高速;1.3172484940374082E7;2894015.5236187046"}]
132296,[{"navids":"669736;669738";"directions":"2;2"};{"navids":"669737;669735";"directions":"3;2"}],[{"id-name-alias-dir":"669736;厦蓉高速公路;漳龙高速公路|G76;2";"url":"http://map.sogou.com/#c=13073670;2816981;16&tip=匹配点距离21.42303162514348;1.3073670128961112E7;2816981.032527793;事件点132296-G76|厦蓉高速;1.3073824827487035E7;2816783.117597479"};{"id-name-alias-dir":"669735;厦蓉高速公路;漳龙高速公路|G76;2";"url":"http://map.sogou.com/#c=13073688;2816984;16&tip=匹配点距离35.74308469490347;1.3073688080705417E7;2816984.87457925;事件点132296-G76|厦蓉高速;1.3073824827487035E7;2816783.117597479"}]
